330 1467 798
330 798 845
330 845 1467
798 1467 845
143 767 1903
143 1903 770
143 770 767
767 770 1903
720 1453 1815
719 1815 1453
719 720 1815
719 1453 720
727 728 1794
727 1794 1412
727 1412 728
728 1412 1794
313 742 743
313 743 793
313 793 742
742 793 743
729 1794 1052
727 1052 1794
727 729 1052
727 1794 729
58 1117 1120
58 205 1117
205 1120 1117
58 1120 205
772 1666 1033
772 1033 1034
772 1034 1666
1033 1666 1034
667 948 752
240 752 948
240 667 752
240 948 667
876 3154 878
878 3154 3153
876 878 3153
876 3153 3154
323 672 1137
672 863 1137
323 1137 863
323 863 672
616 1111 1110
616 1110 1114
616 1114 1111
1110 1111 1114
37 1302 2013
37 1301 1302
1301 2013 1302
37 2013 1301
844 964 7293
844 7293 7360
844 7360 964
964 7360 7293
323 880 863
863 880 1137
323 1137 880
727 1794 851
727 851 1412
851 1794 1412
1608 9182 9183
285 1575 1924
285 1231 1575
1231 1924 1575
285 1924 1231
81 1672 656
81 656 657
81 657 1672
656 1672 657
110 929 309
110 612 929
309 929 612
110 309 612
136 655 1467
655 1577 1467
136 1467 1577
136 1577 655
481 9667 8887
481 8887 1432
481 1432 9667
1432 8887 9667
628 848 850
628 849 848
848 849 850
628 850 849
81 680 657
81 657 830
81 830 680
657 680 830
241 1688 1691
1688 1689 1691
241 1691 1689
241 1689 1688
4600 9775 10012
926 4600 10012
926 9775 4600
926 10012 9775
304 616 1277
304 1277 1117
304 1117 616
616 1117 1277
773 1052 1794
727 1052 773
727 773 1794
399 771 510
399 510 1578
399 1578 771
510 771 1578
695 8312 8646
695 10010 8312
8312 10010 8646
695 8646 10010
319 758 431
319 431 763
319 763 758
431 758 763
81 657 771
81 771 769
81 769 657
657 769 771
1015 1016 1395
1015 1454 1016
1016 1454 1395
1015 1395 1454
63 9119 1330
256 1594 958
256 479 1594
479 958 1594
256 958 479
656 668 1577
399 668 656
399 1577 668
399 656 1577
315 744 753
315 1633 744
744 1633 753
315 753 1633
137 652 653
652 1124 653
137 653 1124
137 1124 652
155 10043 9319
155 1380 10043
1380 9319 10043
155 9319 1380
95 758 760
320 760 758
95 760 320
95 320 758
143 5241 766
143 766 576
143 576 5241
576 766 5241
216 851 1412
850 1412 851
216 1412 850
216 850 851
588 1037 772
588 772 1042
588 1042 1037
772 1037 1042
636 637 871
636 871 638
636 638 637
637 638 871
673 1868 3068
1759 3068 1868
673 3068 1759
673 1759 1868
474 5610 5611
1299 5611 5610
474 5611 1299
474 1299 5610
791 957 1023
791 1021 957
957 1021 1023
791 1023 1021
737 1644 1610
737 1610 738
737 738 1644
738 1610 1644
139 647 1608
208 780 619
258 9563 1926
258 1926 9560
258 9560 9563
1926 9563 9560
325 1039 1044
1039 1950 1044
325 1044 1950
325 1950 1039
42 713 714
713 1050 714
42 714 1050
42 1050 713
304 616 1109
304 1109 1277
616 1277 1109
934 9566 1411
934 9973 9566
1411 9566 9973
934 1411 9973
588 732 730
588 730 731
588 731 732
730 732 731
616 1110 1113
616 1113 1114
1110 1114 1113
674 773 1034
674 1034 1031
674 1031 773
773 1031 1034
111 720 1815
720 1842 1815
111 1815 1842
111 1842 720
619 780 7050
1109 1277 1117
1109 1113 1277
1113 1117 1277
1109 1117 1113
650 750 749
650 749 751
650 751 750
749 750 751
587 3680 3681
587 1772 3680
1772 3681 3680
587 3681 1772
667 831 948
240 831 667
240 948 831
1607 1608 1767
647 1608 1607
647 1767 1608
647 1607 1767
1174 1400 1341
1173 1400 1174
1173 1341 1400
1173 1174 1341
684 1475 2595
630 1475 684
630 2595 1475
630 684 2595
1009 1010 1041
1010 1758 1041
1009 1041 1758
1009 1758 1010
96 2050 938
96 935 2050
935 938 2050
96 938 935
722 1194 1193
676 1193 1194
676 722 1193
676 1194 722
508 937 1933
508 1933 6928
508 6928 937
937 6928 1933
1014 10070 1196
1014 1196 10071
1014 10071 10070
1196 10070 10071
669 1472 751
141 669 751
141 1472 669
141 751 1472
629 1026 851
629 850 1026
850 851 1026
629 851 850
249 1012 5145
249 5146 1012
1012 5146 5145
249 5145 5146
305 1112 1025
1025 1112 1108
305 1025 1108
305 1108 1112
714 1393 718
714 718 715
714 715 1393
715 718 1393
729 731 730
728 730 731
728 729 730
728 731 729
398 1868 673
398 672 1868
672 673 1868
398 673 672
282 651 746
282 746 745
282 745 651
651 745 746
1108 1112 1109
305 1108 1109
305 1109 1112
1024 1025 1404
790 1024 1404
790 1025 1024
790 1404 1025
666 1120 1118
319 1120 666
319 1118 1120
319 666 1118
1199 10040 1205
1199 1205 10052
1199 10052 10040
1205 10040 10052
709 10097 9007
709 9007 9121
709 9121 10097
9007 10097 9121
37 1302 1304
787 1692 1689
133 1689 1692
133 787 1689
133 1692 787
656 1925 685
668 685 1925
656 685 668
656 668 1925
95 764 759
95 759 758
95 758 764
758 759 764
508 6933 6932
508 963 6933
963 6932 6933
508 6932 963
137 365 4599
137 4599 1124
137 1124 365
365 1124 4599
644 1440 9183
1440 9182 9183
644 9183 9182
644 9182 1440
216 1412 1794
216 728 1412
216 1794 728
630 849 684
684 849 1475
630 1475 849
215 1606 794
215 646 1606
646 794 1606
215 794 646
315 848 2178
628 2178 848
315 2178 628
315 628 848
744 745 749
744 1733 745
745 1733 749
744 749 1733
720 1453 1258
1258 1453 1815
720 1258 1815
257 9811 10011
257 6727 9811
6727 10011 9811
257 10011 6727
258 2086 1926
258 1927 2086
1926 2086 1927
258 1926 1927
683 1925 1672
657 1925 683
657 1672 1925
657 683 1672
649 752 667
649 948 752
649 667 948
749 1422 753
315 753 1422
315 749 753
315 1422 749
750 752 1733
750 1102 752
752 1102 1733
750 1733 1102
325 1033 1666
325 1666 1034
325 1034 1033
644 2920 10032
644 704 2920
704 10032 2920
644 10032 704
727 773 851
773 1794 851
81 1685 510
510 1685 1578
81 510 1578
81 1578 1685
722 1039 1194
722 1194 1950
722 1950 1039
1039 1950 1194
1433 4307 9665
4307 9661 9665
1433 9665 9661
1433 9661 4307
36 1138 1137
36 1137 682
36 682 1138
682 1137 1138
220 1941 1940
220 1939 1941
1939 1940 1941
220 1940 1939
733 1843 737
733 738 1843
737 1843 738
733 737 738
257 6727 1364
257 6792 6727
1364 6727 6792
257 1364 6792
473 9299 5415
473 949 9299
949 5415 9299
473 5415 949
616 1117 1109
6793 9808 10019
6793 9811 9808
9808 9811 10019
6793 10019 9811
246 1341 1174
246 1174 1400
246 1400 1341
764 768 770
284 770 768
284 764 770
284 768 764
649 1472 669
141 649 669
141 1472 649
564 9120 8613
564 1334 9120
1334 8613 9120
564 8613 1334
95 763 431
95 758 763
95 431 758
775 778 6756
775 6756 6758
775 6758 778
778 6758 6756
774 855 1006
855 1013 1006
774 1006 1013
774 1013 855
614 1761 1762
614 1762 1718
614 1718 1761
1718 1762 1761
305 1641 1111
305 1022 1641
1022 1111 1641
305 1111 1022
752 1102 1161
652 752 1161
652 1102 752
652 1161 1102
58 1277 1113
58 1117 1277
58 1113 1117
728 739 731
730 731 739
728 730 739
110 5565 1718
110 1764 5565
1718 5565 1764
110 1718 1764
316 648 478
478 648 690
316 478 690
316 690 648
1607 1767 1774
647 1774 1767
647 1607 1774
723 1038 1040
723 1040 1039
723 1039 1038
1038 1039 1040
58 1231 1116
1116 1231 1119
58 1116 1119
58 1119 1231
710 8613 10096
8613 10022 10096
710 10096 10022
710 10022 8613
81 769 830
657 830 769
28 793 506
28 506 1251
28 1251 793
506 793 1251
245 10096 8613
245 10022 10096
245 8613 10022
251 737 1007
251 1007 1610
251 1610 737
737 1610 1007
1606 1607 1774
647 1606 1774
647 1607 1606
613 1764 1763
304 1763 1764
304 613 1763
304 1764 613
143 1903 766
143 5241 1903
766 1903 5241
399 1578 1902
399 1902 703
399 703 1578
703 1902 1578
1196 10052 10069
690 794 793
313 793 794
313 690 793
313 794 690
684 2595 685
685 2595 1473
684 685 1473
684 1473 2595
511 766 576
576 766 899
511 576 899
511 899 766
1561 8211 7007
1284 7007 8211
1284 1561 7007
1284 8211 1561
662 9712 9772
662 10066 9712
9712 10066 9772
662 9772 10066
3154 9431 10020
3154 5814 9431
5814 10020 9431
3154 10020 5814
220 1941 648
648 1941 1940
220 648 1940
1095 5500 4859
576 1095 4859
576 5500 1095
576 4859 5500
1134 5146 1135
244 1134 1135
244 5146 1134
244 1135 5146
764 770 765
759 765 770
759 764 765
759 770 764
635 2593 10081
635 10081 8513
635 8513 2593
2593 8513 10081
637 871 1016
636 637 1016
636 1016 871
636 871 875
636 875 638
638 875 871
1197 9489 9490
791 1023 1022
1021 1022 1023
791 1022 1021
730 1042 735
588 735 1042
588 730 735
588 1042 730
758 760 759
95 759 760
95 320 763
320 758 763
644 9409 9184
2920 9184 9409
644 9184 2920
644 2920 9409
793 1251 1632
313 1251 793
313 1632 1251
313 793 1632
722 1032 1033
675 1033 1032
675 722 1033
675 1032 722
205 319 1120
205 1120 763
205 763 319
319 763 1120
215 316 648
316 646 648
215 648 646
215 646 316
773 1027 1052
727 1027 773
727 1052 1027
477 739 732
476 739 477
476 732 739
476 477 732
1806 10036 9145
217 1806 9145
217 10036 1806
217 9145 10036
753 1472 1473
141 1473 1472
141 753 1473
141 1472 753
1112 1718 1761
1718 1763 1761
1112 1761 1763
1112 1763 1718
665 769 1163
284 769 665
284 1163 769
284 665 1163
257 958 479
257 479 734
257 734 958
479 958 734
735 1008 736
736 1008 1042
735 736 1042
735 1042 1008
1595 4308 4306
616 1109 1113
616 1110 1109
1109 1110 1113
1171 9115 2687
34 2687 9115
34 1171 2687
34 9115 1171
316 690 742
313 742 690
313 316 742
313 690 316
649 751 669
649 1472 751
304 1109 613
304 613 1277
613 1109 1277
330 1902 1211
330 1211 703
330 703 1902
703 1211 1902
695 707 8312
695 10010 707
707 10010 8312
431 1163 764
284 764 1163
284 431 764
284 1163 431
729 773 1666
773 1052 1666
729 1666 1052
729 1052 773
862 1231 1119
862 1116 1231
862 1119 1116
240 658 948
240 948 655
240 655 658
655 948 658
157 1015 1395
1015 1017 1395
157 1395 1017
157 1017 1015
304 1277 612
205 612 1277
205 304 612
205 1277 304
477 478 2123
476 478 477
476 2123 478
476 477 2123
729 1666 772
772 1666 1052
729 772 1052
58 1118 1116
1116 1118 1231
58 1231 1118
9562 9563 10038
7593 9562 10038
7593 9563 9562
7593 10038 9563
1323 2590 2591
474 1298 5611
474 5611 1301
474 1301 1298
1298 1301 5611
315 1422 744
744 1422 1633
315 1633 1422
316 742 741
313 741 742
313 316 741
1024 1405 1404
1024 1513 1405
1404 1405 1513
1024 1404 1513
28 1251 747
745 747 1251
28 747 745
28 745 1251
28 506 747
506 1251 747
1028 1032 1759
673 1759 1032
673 1028 1759
673 1032 1028
1432 9662 1499
3311 9592 9674
3311 9674 10054
3311 10054 9592
9592 10054 9674
713 715 714
714 715 1050
713 1050 715
208 619 9600
208 620 619
619 620 9600
208 9600 620
715 718 717
715 1020 718
717 718 1020
715 717 1020
431 758 764
95 431 764
401 8612 780
401 9601 8612
780 8612 9601
401 780 9601
139 1767 647
938 2050 9695
935 938 9695
935 9695 2050
1852 10055 9944
759 760 7232
760 965 7232
759 7232 965
759 965 760
431 666 758
319 758 666
319 666 431
223 1202 2672
223 2672 1688
223 1688 1202
1202 1688 2672
6799 8599 9910
282 8995 748
282 654 8995
654 748 8995
282 748 654
1367 1926 2086
1367 2086 1927
1367 1927 1926
243 9355 5812
1317 5812 9355
243 5812 1317
243 1317 9355
7998 8002 8001
305 1111 1404
1022 1404 1111
305 1404 1022
313 794 316
316 794 690
141 649 685
141 668 649
649 668 685
141 685 668
324 1032 675
324 3068 1032
675 1032 3068
324 675 3068
705 10036 7048
705 1719 10036
1719 7048 10036
705 7048 1719
111 1164 852
111 852 1842
111 1842 1164
852 1164 1842
42 1040 1051
42 1051 2400
42 2400 1040
1040 2400 1051
252 1013 1563
1013 1644 1563
252 1563 1644
252 1644 1013
399 1578 656
656 1578 771
399 656 771
241 1207 2671
716 1020 1019
716 1019 1484
716 1484 1020
1019 1020 1484
714 1164 1393
714 715 1164
715 1393 1164
251 1009 1008
251 1008 1007
251 1007 1009
1007 1008 1009
205 1265 320
205 949 1265
320 1265 949
205 320 949
690 793 742
727 773 1026
773 851 1026
727 1026 851
205 929 930
205 1265 929
929 1265 930
205 930 1265
216 628 741
216 742 628
628 742 741
216 741 742
860 1115 1111
1111 1115 1114
860 1111 1114
860 1114 1115
40 479 958
40 958 734
40 734 479
143 509 1903
509 767 1903
143 767 509
704 9180 10032
704 6983 9180
6983 10032 9180
704 10032 6983
5240 10030 9843
507 9843 10030
507 5240 9843
507 10030 5240
476 731 728
476 739 731
476 728 739
1040 1050 1051
676 1051 1050
676 1040 1051
676 1050 1040
587 3683 3681
587 3680 3683
3680 3681 3683
855 1341 1010
855 1010 1758
855 1758 1341
1010 1341 1758
473 1300 1301
310 473 1301
310 1300 473
310 1301 1300
676 722 1950
722 1193 1950
676 1950 1193
676 1194 1950
1258 1393 2058
1258 2058 1815
1258 1815 1393
1393 1815 2058
313 1251 506
313 506 793
398 1642 859
322 859 1642
322 398 859
322 1642 398
1559 10035 9006
754 10035 1559
754 9006 10035
754 1559 9006
284 431 758
284 758 764
1284 8932 8211
729 1794 773
205 1117 304
205 1277 1117
1436 1771 1769
1436 8002 1771
1769 1771 8002
1436 1769 8002
316 478 741
478 742 741
316 742 478
157 223 1204
157 1204 7139
157 7139 223
223 7139 1204
316 1941 1940
316 648 1941
316 1940 648
2464 10043 9772
1767 1769 7998
113 1208 1207
113 2671 1208
1207 1208 2671
113 1207 2671
1012 1172 1167
1012 1165 1172
1165 1167 1172
1012 1167 1165
764 1163 768
284 768 1163
713 2400 1164
713 853 2400
853 1164 2400
713 1164 853
768 1163 769
284 768 769
9811 10019 9812
9808 9812 10019
9808 9811 9812
657 680 681
680 830 681
657 681 830
256 2019 1643
256 1643 1644
256 1644 2019
1643 2019 1644
220 648 478
478 648 1940
220 478 1940
674 773 1027
674 1027 1052
674 1052 773
136 798 1467
136 1467 845
136 845 798
831 4660 1635
240 4660 831
240 1635 4660
240 831 1635
649 656 685
649 668 656
324 859 721
324 721 716
324 716 859
716 721 859
330 1211 798
330 798 703
703 798 1211
643 10032 5943
5943 10032 10031
643 5943 10031
643 10031 10032
772 1034 1052
1034 1666 1052
365 4600 926
137 4600 365
137 926 4600
137 365 926
398 672 861
322 672 398
322 861 672
322 398 861
216 864 742
216 741 864
741 742 864
58 1118 1120
1117 1120 1118
58 1117 1118
58 1118 1119
1118 1120 1119
58 1119 1120
862 1114 1110
862 1115 1114
1110 1114 1115
862 1110 1115
703 1467 1577
136 703 1577
136 1467 703
141 668 669
649 669 668
251 1007 1006
251 1414 1007
1006 1007 1414
251 1006 1414
653 746 748
282 653 748
282 746 653
282 748 746
399 1578 1577
656 1577 1578
322 863 861
322 1228 863
861 863 1228
322 861 1228
728 739 864
476 728 864
476 864 739
710 10096 1373
1373 10096 9351
710 1373 9351
710 9351 10096
639 10010 3389
639 3389 6881
639 6881 10010
3389 10010 6881
136 948 1635
136 655 948
655 1635 948
136 1635 655
665 680 830
665 830 1924
665 1924 680
680 1924 830
241 2671 2672
853 1135 1134
249 1135 853
249 1134 1135
249 853 1134
240 948 649
240 649 655
649 948 655
656 1672 685
656 1925 1672
685 1672 1925
1009 1414 1041
1009 1010 1414
1010 1041 1414
652 1733 752
652 1102 1733
744 745 1251
28 745 744
28 744 1251
667 752 1161
240 1161 752
240 667 1161
586 746 867
746 747 867
586 867 747
586 747 746
36 682 832
36 832 1138
682 1138 832
680 1924 682
285 680 682
285 1924 680
285 682 1924
860 1022 1641
860 1641 1021
860 1021 1022
1021 1641 1022
36 682 684
36 684 832
682 832 684
284 431 666
284 666 758
81 656 1578
81 1578 771
81 771 656
649 685 1472
141 1472 685
249 1134 1012
1012 1134 5146
249 5146 1134
476 731 740
476 740 728
728 740 731
510 770 1685
510 768 770
768 1685 770
510 1685 768
323 861 672
672 861 1228
323 672 1228
323 1228 861
958 3087 2347
40 958 2347
40 3087 958
40 2347 3087
131 720 1016
131 1454 720
720 1454 1016
131 1016 1454
674 1028 1027
677 1027 1028
674 1027 677
674 677 1028
1041 1758 1603
1009 1041 1603
1009 1603 1758
81 510 771
649 668 1577
649 1577 656
1159 9905 6063
205 929 612
205 309 929
205 612 309
1718 1764 1763
613 1764 1718
613 1718 1763
399 510 1902
510 1578 1902
682 880 1137
285 880 682
285 1137 880
285 682 1137
323 682 880
323 1137 682
730 735 3087
730 732 735
732 3087 735
730 3087 732
215 794 793
215 793 690
215 690 794
36 677 1028
36 1030 677
677 1030 1028
36 1028 1030
323 1137 1138
323 1138 682
36 673 1030
673 1028 1030
36 1028 673
506 793 794
313 506 794
672 1137 1138
323 672 1138
36 1030 832
36 832 677
677 832 1030
143 509 766
509 1903 766
670 7360 9620
2046 9620 7360
670 9620 2046
670 2046 7360
136 649 948
136 655 649
1438 9183 1439
645 9183 1438
645 1439 9183
645 1438 1439
322 672 1868
322 1868 398
317 648 1941
316 317 1941
316 648 317
308 4813 9944
860 1115 1641
860 1641 1111
1111 1641 1115
28 867 747
28 506 867
506 747 867
313 742 628
313 628 743
628 742 743
957 1513 1021
791 1021 1513
791 1513 957
868 2058 6684
720 2058 868
720 6684 2058
720 868 6684
28 743 793
28 1251 743
743 1251 793
324 3068 1868
324 1868 1759
324 1759 3068
1693 8099 8101
564 9602 10022
5146 10022 9602
564 10022 5146
564 5146 9602
38 7361 9957
38 10028 7361
7361 10028 9957
38 9957 10028
717 1194 1193
716 1194 717
716 1193 1194
716 717 1193
322 2122 861
322 862 2122
861 2122 862
322 861 862
58 1116 1113
58 862 1116
862 1113 1116
58 1113 862
220 9124 1941
1939 1941 9124
220 1939 9124
665 769 768
665 768 1163
674 1032 1028
1028 1032 1031
674 1028 1031
674 1031 1032
656 657 771
509 766 767
143 767 766
855 1414 1010
855 1341 1414
1010 1414 1341
245 1170 8866
245 8447 1170
1170 8447 8866
245 8866 8447
256 1593 1567
256 1567 1568
256 1568 1593
1567 1593 1568
143 899 576
143 766 899
1365 1367 1926
1365 1926 2086
1365 2086 1367
659 845 4697
220 9240 9124
220 706 9240
706 9124 9240
220 9124 706
305 1024 1025
305 1404 1024
305 1025 1404
243 868 5812
868 9355 5812
243 9355 868
722 1044 1039
722 1950 1044
714 717 1050
714 715 717
715 1050 717
289 9074 8211
289 8211 8929
289 8929 9074
8211 9074 8929
3311 9675 10054
3311 9674 9675
9674 10054 9675
1116 1231 2122
862 2122 1231
862 1116 2122
157 1015 1016
157 1016 1395
1688 1692 1689
787 1692 1688
787 1688 1689
1012 1170 5145
1012 5146 1170
1170 5146 5145
714 1194 717
714 717 716
714 716 1194
737 1563 1644
737 1644 1843
737 1843 1563
1563 1843 1644
321 680 682
321 681 680
680 681 682
321 682 681
630 849 1554
849 1473 1554
630 1554 1473
630 1473 849
1008 1038 1492
1008 1492 1037
1008 1037 1038
1037 1492 1038
143 765 767
765 770 767
143 770 765
1204 7138 7139
223 7139 7138
223 7138 1204
937 1933 2080
508 937 2080
508 2080 1933
711 1328 712
244 711 712
244 1328 711
244 712 1328
143 759 765
143 770 759
653 748 654
282 653 654
9843 10030 10075
507 10075 10030
507 9843 10075
659 798 4698
659 845 798
798 845 4698
659 4698 845
1095 6929 6926
4859 6926 6929
1095 6926 4859
1095 4859 6929
330 1211 1611
330 1611 798
798 1611 1211
658 948 1635
240 1635 948
240 658 1635
665 666 1575
284 665 1575
284 666 665
284 1575 666
217 10036 9139
217 9139 9239
217 9239 10036
9139 10036 9239
139 1767 1608
644 9184 9181
2920 9181 9184
644 9181 2920
9351 10022 10096
245 9351 10096
245 10022 9351
96 2050 1708
938 1708 2050
96 1708 938
215 690 648
215 316 690
240 752 649
1251 1632 1422
743 1251 1422
743 1632 1251
743 1422 1632
723 1041 1040
723 1040 1043
723 1043 1041
1040 1041 1043
587 1772 1771
587 1771 1773
587 1773 1772
1771 1772 1773
510 1685 1902
1578 1902 1685
283 748 9905
283 9905 1159
283 1159 748
748 1159 9905
36 629 1028
36 832 629
629 832 1028
36 1028 832
36 684 629
629 684 832
36 673 1137
36 1138 673
673 1138 1137
319 763 320
319 320 758
131 637 871
131 1016 637
131 871 1016
305 1111 1109
305 1108 1111
1108 1109 1111
304 616 1763
304 1763 1109
616 1109 1763
1108 1112 1761
1108 1761 1763
1108 1763 1112
137 667 1592
667 1161 1592
137 1592 1161
137 1161 667
36 1030 1138
832 1138 1030
1166 8447 8450
1166 8450 8448
1166 8448 8447
8447 8448 8450
258 9562 9560
855 1009 1414
1007 1414 1009
855 1414 1007
855 1007 1009
772 1037 1666
1037 1042 1666
772 1666 1042
773 1026 1027
727 1027 1026
674 772 1034
674 1052 772
674 1034 1052
650 749 744
650 744 753
650 753 749
744 749 753
28 746 745
28 747 746
745 746 747
655 669 668
649 669 655
649 655 668
650 751 669
650 669 750
669 751 750
630 1473 1472
630 1472 685
630 685 1473
685 1472 1473
282 653 652
652 653 654
282 652 654
251 1414 1009
753 1554 1472
751 1472 1554
751 753 1472
751 1554 753
431 763 1120
319 431 1120
215 643 1608
215 1608 646
215 646 643
643 646 1608
1038 1043 1492
1037 1492 1043
1037 1043 1038
764 767 770
767 768 770
764 768 767
316 646 317
317 646 648
139 1439 1438
139 1438 9183
139 9183 1439
315 628 1633
315 1633 848
628 848 1633
645 9183 1440
645 9182 9183
645 1440 9182
764 767 765
2679 9564 9563
1720 9564 2679
1720 9563 9564
1720 2679 9563
649 750 667
649 752 750
667 750 752
2129 3315 2130
2129 2130 3311
2129 3311 3315
2130 3315 3311
7293 8859 8860
670 8859 7293
670 8860 8859
670 7293 8860
510 769 770
768 770 769
510 768 769
285 680 681
285 681 682
321 684 682
321 832 684
321 682 832
323 673 1138
672 1138 673
323 672 673
843 10028 10024
9957 10024 10028
843 10024 9957
843 9957 10028
2130 3315 3312
3311 3312 3315
2130 3312 3311
131 1258 2058
131 720 1258
720 2058 1258
131 2058 720
710 10096 8449
1373 8449 10096
710 8449 1373
216 728 864
728 740 864
216 864 740
216 740 728
284 759 770
284 764 759
740 741 864
216 741 740
672 863 861
322 863 672
58 1116 1117
1113 1117 1116
478 864 739
476 864 478
476 478 739
42 1050 1051
42 1040 1050
42 714 1051
714 1050 1051
845 4698 4697
658 845 4697
658 4698 845
658 4697 4698
476 740 864
323 398 673
323 672 398
672 1137 673
310 3312 2130
310 3315 3312
310 2130 3315
216 848 851
216 850 848
848 850 851
588 736 1042
588 735 736
714 717 718
714 718 716
716 718 717
629 1027 1028
629 1028 677
629 677 1027
2031 10029 7905
660 10029 2031
660 7905 10029
660 2031 7905
614 8103 5564
615 5564 8103
614 5564 615
614 615 8103
733 1610 738
733 737 1610
137 1102 653
137 652 1102
652 653 1102
705 9560 9559
1363 9559 9560
705 9559 1363
705 1363 9560
36 682 681
36 681 684
681 682 684
321 684 681
321 684 683
321 683 681
681 683 684
315 1554 753
749 753 1554
315 749 1554
716 1737 859
716 1484 1737
859 1737 1484
716 859 1484
1025 1761 1108
1025 1112 1761
305 1111 1025
1024 1025 1111
305 1024 1111
714 1194 1050
717 1050 1194
141 751 753
3156 9870 9871
3156 9871 10040
3156 10040 9870
9870 10040 9871
1169 1172 1174
650 1733 750
650 750 752
650 752 1733
719 1453 1258
719 1019 1453
1019 1258 1453
719 1258 1019
8611 8612 9601
780 8611 9601
780 8612 8611
711 8402 712
711 712 852
711 852 8402
712 8402 852
564 1330 1328
564 1328 1329
564 1329 1330
1328 1330 1329
81 680 1672
657 1672 680
1167 8866 1170
1165 1170 8866
1165 1167 1170
1165 8866 1167
111 1841 712
111 712 1842
111 1842 1841
712 1841 1842
63 707 1328
707 1329 1328
63 1328 1329
63 1329 707
736 1008 1037
736 1037 1042
1008 1042 1037
713 1842 1164
713 715 1842
715 1164 1842
713 1164 715
855 1007 1006
1006 1007 1013
855 1013 1007
722 1044 1194
1039 1194 1044
616 1111 1109
1109 1111 1110
616 1111 1108
616 1108 1109
716 721 717
716 717 1484
716 1484 721
717 721 1484
2009 4306 5795
1601 4306 4308
871 1016 1015
131 1015 1016
131 871 1015
1039 1051 1194
676 1194 1051
676 1039 1194
676 1051 1039
723 1039 1051
723 1051 1194
723 1194 1039
6727 9812 10011
1452 10011 9812
1452 6727 10011
1452 9812 6727
215 506 793
215 794 506
630 848 1554
848 849 1554
630 849 848
1134 5145 5146
249 5145 1134
313 741 628
733 735 736
588 733 736
588 735 733
477 734 479
40 734 477
40 477 479
478 690 742
256 1644 738
256 738 2019
738 1644 2019
731 732 739
476 732 731
730 732 739
588 735 732
588 732 733
732 735 733
737 1013 1007
737 1007 1644
737 1644 1013
1007 1013 1644
257 2018 1594
958 1594 2018
257 1594 958
257 958 2018
40 730 732
40 732 739
40 739 730
727 740 731
727 728 740
727 731 728
28 867 746
774 1414 1006
855 1006 1414
774 855 1414
28 746 651
28 651 745
315 743 1422
743 1633 1422
315 1633 743
249 1011 1012
249 1134 1011
1011 1134 1012
649 751 750
649 750 669
651 746 653
282 651 653
391 4307 1601
667 1161 1102
652 1161 667
652 667 1102
282 747 745
282 746 747
28 745 749
28 749 744
651 745 749
28 651 749
669 752 750
649 752 669
650 669 752
683 1473 685
141 683 685
141 1473 683
141 685 1473
240 752 655
649 655 752
655 752 669
852 1134 853
852 853 1135
852 1135 1134
683 684 685
683 1473 684
669 751 753
141 669 753
650 751 753
650 753 669
749 751 753
851 1026 1027
773 851 1027
666 1231 1118
666 1119 1231
1118 1231 1119
666 1118 1119
243 868 6684
243 720 868
243 6684 720
309 7052 2129
2129 7052 8609
309 2129 8609
309 8609 7052
651 653 1102
651 1102 652
651 652 653
962 964 9334
964 9673 9334
962 9334 9673
962 9673 964
81 510 769
510 771 769
284 758 759
508 6928 6933
508 6933 937
937 6933 6928
765 767 766
143 765 766
246 1174 1172
246 1172 1400
1172 1174 1400
305 1111 1115
305 1110 1111
1110 1115 1111
305 1115 1110
205 763 949
320 949 763
205 320 763
111 712 720
712 1842 720
284 770 769
81 768 665
81 665 769
81 769 768
674 772 1033
674 1033 1034
95 949 763
95 320 949
723 1038 1043
1038 1040 1043
774 1013 1179
774 1179 855
855 1179 1013
615 8612 9601
615 8611 8612
615 9601 8611
737 1563 1006
737 1006 1013
737 1013 1563
1006 1563 1013
58 205 1277
304 613 612
612 613 1277
2012 9675 10054
2012 10054 3311
2012 3311 9675
743 1632 793
244 8402 711
244 1328 8402
711 8402 1328
1012 1170 1167
249 1012 1167
249 1170 1012
249 1167 1170
1012 1174 1167
1012 1172 1174
1167 1174 1172
635 6606 6757
6606 6981 6757
635 6757 6981
635 6981 6606
4813 9944 9613
1849 9613 9944
1849 4813 9613
1849 9944 4813
1025 1761 2196
789 1761 1025
789 2196 1761
789 1025 2196
753 1554 1473
1472 1473 1554
738 1644 1843
215 1606 506
506 1606 794
42 1603 2400
42 2400 1501
42 1501 1603
1501 2400 1603
653 654 1124
652 1124 654
629 832 677
677 832 1028
636 1017 1014
1014 1017 1015
636 1014 1015
636 1015 1017
155 1380 396
155 10012 1380
396 1380 10012
155 396 10012
215 794 316
316 794 646
753 1554 849
753 849 1473
507 9843 5241
507 5241 10075
5241 9843 10075
713 852 1134
713 853 852
713 1134 853
650 1733 749
749 1733 750
324 721 1193
324 1193 716
716 1193 721
329 9620 9619
619 9596 9595
619 9595 9599
619 9599 9596
9595 9596 9599
141 685 1925
141 1925 668
656 1925 657
656 1925 771
657 771 1925
774 1178 1173
774 1173 1341
774 1341 1178
1173 1178 1341
1019 1737 1484
75 1019 1484
75 1737 1019
75 1484 1737
313 1632 743
313 628 1632
628 743 1632
81 830 665
81 665 680
851 1026 1412
850 1412 1026
665 769 830
727 1026 1412
285 680 830
285 830 681
1028 1030 1031
673 1031 1030
673 1028 1031
662 8383 663
662 663 831
662 831 8383
663 8383 831
1597 9784 10042
1597 1598 9784
1598 10042 9784
1597 10042 1598
1363 9561 1364
1363 9125 9561
1364 9561 9125
1363 1364 9125
366 3701 5048
3700 5048 3701
366 5048 3700
366 3700 3701
655 1635 658
936 9695 938
936 938 2050
936 2050 9695
9208 9674 10073
9208 10073 10054
9208 10054 9674
9674 10054 10073
245 1334 8613
288 965 760
95 288 760
95 965 288
95 760 965
1135 5145 9602
1135 5146 5145
5145 5146 9602
1135 9602 5146
613 1763 1109
629 1026 1027
629 1027 851
677 773 1027
674 773 677
111 711 712
111 852 711
111 712 852
852 1841 1842
1164 1842 1841
852 1164 1841
111 852 1841
307 1761 1112
307 1718 1761
307 1112 1718
662 10029 663
662 8383 10029
663 10029 8383
75 1022 1023
75 1021 1022
75 1023 1021
323 861 398
9811 9812 10011
6727 9812 9811
131 1453 720
131 1454 1453
720 1453 1454
431 1120 666
478 741 864
476 741 478
476 864 741
476 740 741
616 1117 1113
322 1114 1115
322 860 1114
322 1115 860
478 742 864
208 865 619
619 865 620
208 620 865
861 862 1115
322 1115 862
322 861 1115
1323 5564 8103
615 1323 8103
615 5564 1323
747 867 754
506 754 867
506 747 754
1302 9787 9788
1301 1302 9788
1301 9787 1302
1301 9788 9787
243 637 868
637 720 868
243 720 637
1317 10020 5814
1317 5814 5812
1317 5812 10020
5812 5814 10020
964 9334 2080
962 2080 9334
962 964 2080
790 1024 1405
790 1405 1404
399 1925 771
399 656 1925
666 1120 1119
131 1015 1454
650 1733 744
1171 7311 1869
1869 7311 7308
1171 1869 7308
1171 7308 7311
744 1422 753
744 749 1422
765 766 899
143 765 899
727 731 1794
728 1794 731
511 765 766
511 899 765
143 759 899
759 765 899
754 1559 867
747 867 1559
747 1559 754
586 867 1559
586 1559 747
764 765 965
759 965 765
759 764 965
28 1251 1422
28 1422 743
652 1592 1124
137 1124 1592
137 1592 652
652 1592 667
652 1161 1592
1011 1341 1174
246 1011 1174
246 1341 1011
365 4599 4600
137 4600 4599
629 684 1475
629 1475 832
684 832 1475
157 1016 1454
157 1454 1395
256 1843 733
256 733 738
256 738 1843
848 1475 850
848 849 1475
849 850 1475
773 1034 1666
773 1052 1034
848 1475 851
850 851 1475
672 1228 863
323 863 1228
636 1016 1015
636 1015 871
861 2122 1228
862 1228 2122
861 1228 862
4599 9572 9570
2129 7050 10013
2129 10013 8608
2129 8608 7050
7050 8608 10013
325 772 1037
325 1037 1666
325 1666 772
831 1635 948
239 3156 10040
239 9870 3156
239 10040 9870
251 1041 1009
251 1414 1041
1611 10024 10028
1611 10028 1612
1611 1612 10024
1612 10028 10024
9666 9835 9667
1433 9667 9835
1433 9666 9667
1433 9835 9666
38 10024 10028
38 9957 10024
8887 9667 9662
1499 8887 9662
1499 9667 8887
1499 9662 9667
863 2122 1231
862 863 1231
862 2122 863
256 1567 1643
256 1643 1568
1567 1568 1643
1775 1806 9146
217 9146 1806
217 1775 9146
217 1806 1775
288 760 949
95 288 949
95 949 760
320 949 760
139 1768 1608
1608 1768 1767
139 1767 1768
28 1422 744
28 749 1422
510 769 1685
81 1685 769
477 734 2123
734 1939 2123
477 2123 1939
477 1939 734
322 1114 862
667 1102 752
667 750 1102
743 1633 2178
628 1633 743
628 2178 1633
628 743 2178
934 9095 8927
934 10044 9095
8927 9095 10044
934 8927 10044
716 1020 718
716 718 1019
718 1020 1019
9593 9674 9676
9208 9676 9674
9674 9676 9675
9208 9674 9675
9208 9675 9676
1561 8211 8928
289 1561 8928
289 8211 1561
289 8928 8211
95 759 965
95 764 965
729 731 1920
730 1920 731
729 1920 730
316 1940 478
251 1008 1610
1007 1610 1008
257 9810 10019
6793 10019 9810
257 10019 6793
257 6793 9810
1199 8468 10052
1199 1205 8468
1205 10052 8468
3683 9907 9904
243 711 1328
243 712 711
243 1328 712
63 1329 9119
63 9119 1500
63 1500 1329
1329 1500 9119
205 930 1797
930 1265 1797
205 1797 1265
365 3700 1147
365 5048 3700
1147 3700 5048
365 1147 5048
236 754 867
754 1886 867
236 867 1886
236 1886 754
588 772 1920
588 1920 1042
772 1042 1920
1436 1773 1771
1771 1773 8002
1436 8002 1773
1596 1597 9784
1596 9784 8598
1596 8598 1597
1597 8598 9784
251 737 1006
737 1007 1006
256 1567 1644
1567 1643 1644
871 875 1014
636 1014 875
636 871 1014
1008 1042 1038
1037 1038 1042
723 1038 1037
723 1037 1043
729 1042 730
588 1042 729
588 729 730
588 736 1037
246 1012 1174
246 1011 1012
1011 1174 1012
131 720 637
637 720 1016
478 1940 741
476 741 1940
476 1940 478
695 1317 10010
1317 8646 10010
695 8646 1317
871 1014 1015
257 1364 734
257 1018 1364
734 1364 1018
257 734 1018
157 1015 636
157 636 1016
479 1018 734
477 734 1018
477 1018 479
1364 9124 9125
1364 1939 9124
1939 9125 9124
1364 9125 1939
131 1454 957
131 957 1453
957 1454 1453
1019 1020 1023
75 1019 1023
75 1020 1019
75 1023 1020
719 1019 1020
719 1023 1019
719 1020 1023
1009 1414 1758
855 1009 1758
855 1758 1414
860 1021 1024
860 1024 1022
1021 1022 1024
1147 5048 9571
365 9571 5048
365 1147 9571
716 718 1484
717 1484 718
791 1024 1021
791 1022 1024
319 1117 1120
319 1118 1117
614 1763 1718
614 1718 1764
614 1764 1763
677 851 1027
677 773 851
677 1030 1031
677 1031 1028
877 3155 9870
3155 3156 9870
877 9870 3156
877 3156 3155
674 1034 1032
1031 1032 1034
674 1033 1032
1032 1033 1034
675 1034 1032
675 1033 1034
9812 10011 10019
9811 10019 10011
674 1031 677
677 1031 773
673 1032 1031
324 1032 722
324 722 675
325 675 1033
325 1034 675
1009 1038 1043
1008 1038 1009
1008 1043 1038
1008 1009 1043
675 1034 1031
675 1031 1032
616 1117 1116
616 1116 1113
401 8612 8609
780 8609 8612
401 8609 780
1039 1040 1051
676 1040 1039
1009 1043 1041
251 1041 1043
251 1043 1009
723 1040 1051
325 1038 1042
325 1042 1037
325 1037 1038
401 10073 9593
401 10013 10073
9593 10073 10013
401 9593 10013
251 1043 1008
723 1038 1044
1037 1044 1038
723 1044 1037
723 1039 1044
1038 1044 1039
325 1038 1044
325 1039 1038
325 1037 1044
325 772 1044
772 1037 1044
325 772 1033
772 1044 1033
325 1033 1044
9184 9817 9818
1440 9184 9818
1440 9817 9184
1440 9818 9817
157 1483 957
957 1483 1454
157 957 1454
157 1454 1483
481 1499 9889
1499 9888 9889
481 9889 9888
481 9888 1499
1688 1692 1691
1689 1691 1692
1298 1302 1301
1298 1301 1300
1298 1300 1302
1300 1301 1302
717 1193 721
676 1193 721
676 717 1193
676 721 717
1024 1404 1111
1022 1024 1111
1022 1404 1024
305 790 1404
305 1025 790
222 1204 1201
222 1197 1204
1197 1201 1204
222 1201 1197
258 2086 1452
258 1452 1926
1452 2086 1926
586 10035 3680
3680 10035 9902
586 3680 9902
586 9902 10035
1719 9799 10038
1719 9145 9799
9145 10038 9799
1719 10038 9145
787 1691 1688
787 1692 1691
653 748 1124
748 8995 1124
653 1124 8995
653 8995 748
137 7143 667
137 1161 7143
667 7143 1161
42 714 2400
714 1051 2400
4598 4600 4599
9542 10019 9808
9542 9812 10019
9542 9808 9812
937 963 6933
937 6933 2080
937 2080 963
963 2080 6933
285 863 880
285 1137 863
672 1759 1868
672 673 1759
673 1030 1138
790 1112 1025
305 1112 790
305 1110 1109
1025 1108 1111
205 319 1117
1567 7487 1598
1567 1598 1643
1567 1643 7487
1598 7487 1643
901 2590 1323
860 1024 1111
860 1111 1022
859 1642 1484
75 1484 1642
75 859 1484
75 1642 859
133 787 790
133 790 1405
133 1405 787
787 1405 790
850 1412 2178
628 1412 850
628 2178 1412
628 850 2178
862 1114 1113
862 1113 1110
398 721 859
721 1642 859
398 1642 721
721 1484 859
721 1642 1484
398 861 1115
322 398 1115
616 1116 1114
1113 1114 1116
862 1114 1116
220 2123 734
220 734 1939
220 1939 2123
1116 1117 1118
58 862 1119
1768 8002 1771
1771 8002 1772
1768 1771 1772
1768 1772 8002
283 365 5047
283 5047 5048
283 5048 365
365 5048 5047
1411 10044 8929
1411 8929 8928
1411 8928 10044
8928 8929 10044
317 10031 9240
317 9240 1941
317 1941 10031
1941 9240 10031
5240 6929 10030
507 10030 6929
507 6929 5240
615 5565 8612
615 8611 5565
5565 8611 8612
136 658 845
658 1467 845
136 1467 658
134 8104 1688
134 787 8104
787 1688 8104
134 1688 787
731 1920 1794
728 1920 731
728 1794 1920
712 852 1841
36 1137 681
681 1137 682
285 681 1137
832 1475 2595
684 832 2595
367 396 1147
365 1147 396
365 367 1147
365 396 367
2031 9625 9527
2031 9526 9625
9526 9527 9625
2031 9527 9526
1040 1043 1603
1038 1040 1603
1038 1603 1043
586 3681 3680
586 3680 1772
586 1772 3681
655 1467 1635
136 1635 1467
655 1467 658
658 1467 1635
136 1635 658
863 880 1228
862 880 863
862 1228 880
862 863 1228
323 880 1228
1171 2687 1869
1869 2687 7311
1171 7311 2687
283 3701 9905
283 9905 3700
283 3700 3701
3700 9905 3701
3700 9907 3701
3701 9907 9905
3700 9905 9907
63 6880 1500
787 788 1692
788 789 1692
787 1692 789
787 789 788
713 1164 852
852 1164 853
713 1842 1841
713 1841 1164
713 1164 714
249 1012 1174
249 1174 1167
1165 8869 8450
1165 8450 1177
1165 1177 8869
1177 8450 8869
131 1015 957
957 1015 1454
1012 1170 1165
246 1012 1172
2013 9788 10084
2012 9788 2013
2012 10084 9788
2012 2013 10084
1171 7310 1172
1165 1171 1172
1165 7310 1171
1165 1172 7310
774 1179 1178
774 1178 855
855 1178 1179
775 6755 6756
791 1404 1024
791 1022 1404
40 734 2123
40 2123 477
249 1011 1174
676 1194 717
676 1050 1194
676 717 1050
1178 9468 6755
774 6755 9468
774 1178 6755
774 9468 1178
723 1194 1044
1050 1194 1051
714 1194 1051
767 1685 770
767 768 1685
768 769 1685
715 1815 718
718 1815 1020
715 1020 1815
243 711 8651
711 1328 8651
243 8651 1328
791 957 1483
791 1454 957
791 1483 1454
241 2672 1689
111 720 1393
720 1815 1393
111 1393 1815
1020 1815 1258
719 1258 1815
719 1020 1258
719 1815 1020
2765 8026 8027
1203 8026 2765
1203 8027 8026
1203 2765 8027
1200 9801 9802
1200 9802 9491
1200 9491 9801
9491 9802 9801
718 1393 1815
715 1815 1393
718 1393 1258
718 1258 1815
718 1258 1020
111 720 2058
720 1393 2058
111 2058 1393
588 1920 731
588 730 1920
649 1577 655
136 1577 649
1114 1116 2122
862 1114 2122
382 10042 7485
7485 10042 9784
382 7485 9784
382 9784 10042
399 1902 1467
399 1467 703
703 1467 1902
720 1815 2058
315 849 1633
315 753 849
753 1633 849
315 849 848
848 849 1633
2464 9772 9712
629 684 849
629 849 1475
629 1475 677
677 1475 832
862 880 1119
880 1231 1119
862 1231 880
220 1940 2123
1939 2123 1940
863 1231 880
285 1231 880
285 863 1231
936 1708 2050
936 938 1708
1040 1041 1603
1041 1043 1603
9808 10019 9810
6793 9808 9810
729 1042 772
729 1666 1042
325 1042 1666
3682 9907 7768
3682 7768 3683
3682 3683 9907
3683 7768 9907
1206 4813 8024
1206 8025 4813
4813 8025 8024
1206 8024 8025
1019 1020 1258
718 1258 1019
1197 9490 1198
744 1422 1251
744 1251 1632
744 1632 1422
431 9414 666
431 1120 9414
666 9414 1120
1165 7842 1167
1165 8866 7842
1167 7842 8866
399 703 1577
703 1578 1577
137 667 1102
137 1102 1592
667 1592 1102
652 1592 1102
774 1341 855
855 1341 1178
655 1577 668
399 655 668
399 1577 655
716 1019 1737
399 1467 655
399 1577 1467
284 1163 9414
284 9414 431
431 9414 1163
665 830 1575
665 1575 1924
830 1924 1575
137 4600 1592
137 1592 4599
1592 4600 4599
1300 9787 1301
310 9787 1300
310 1301 9787
2012 9787 3312
310 2012 3312
310 9787 2012
310 3312 9787
654 1592 1124
652 1592 654
1115 1641 1642
860 1642 1641
860 1115 1642
859 1642 860
322 859 860
322 860 1642
880 1924 1119
1119 1924 1231
880 1231 1924
1422 1632 1633
743 1633 1632
703 798 1467
136 798 703
477 1940 478
476 1940 477
661 9319 2029
2029 9319 9428
661 2029 9428
661 9428 9319
1601 4307 4306
477 2347 732
40 732 2347
40 477 732
40 2347 477
244 1330 8402
244 1328 1330
1328 8402 1330
1330 8402 8401
244 1330 8401
244 8401 8402
63 1328 1330
63 1330 1329
662 10029 8381
662 8381 9712
662 9712 10029
8381 10029 9712
216 851 1794
42 1501 853
42 853 713
42 713 1501
713 853 1501
1329 9119 1330
1134 5145 1135
662 9772 2464
662 2464 10043
662 10043 9772
137 926 7143
137 7143 664
137 664 926
664 7143 926
246 1341 1178
246 855 1341
246 1178 855
1010 1341 1011
246 1341 1010
246 1010 1011
205 929 1797
929 930 1797
644 9181 10033
2920 10033 9181
644 10033 2920
258 1452 9560
1452 1926 9560
506 793 1886
215 1886 793
215 506 1886
733 2347 738
733 3087 2347
738 2347 3087
733 738 3087
134 1691 1693
134 10078 1691
1691 10078 1693
134 1693 10078
1438 9183 9182
131 1453 1258
775 1178 9468
775 9468 6755
775 6755 1178
316 1940 741
319 1797 320
319 763 1797
320 1797 763
304 612 1797
205 1797 612
205 304 1797
1329 1485 9007
1329 9007 9121
1329 9121 1485
1485 9121 9007
398 859 1868
322 1868 859
63 8651 707
63 707 8210
63 8210 8651
707 8651 8210
8381 9156 8383
744 1632 1633
664 926 4600
137 664 4600
2129 10013 8609
2129 8609 8608
8608 8609 10013
7909 9624 7910
401 8609 10013
401 8608 8609
401 10013 8608
1199 8468 8469
8468 10052 8469
1199 8469 10052
1196 10052 8468
1196 8468 1205
1196 1205 10052
1199 8469 10040
8469 10052 10040
4307 9978 4309
391 9978 4307
391 4309 9978
391 4307 4309
1025 1710 2196
790 1710 1025
790 2196 1710
790 1025 2196
1178 1400 1341
246 1400 1178
1173 1178 1400
791 1513 1024
791 1404 1513
1021 1513 1024
134 2251 8104
787 8104 2251
134 787 2251
133 1405 223
133 223 787
223 1405 787
38 1612 10028
38 10024 1612
305 1641 1115
37 5611 1302
37 1301 5611
1301 1302 5611
787 8104 1691
1691 8104 1692
787 1692 8104
216 1412 740
216 741 1412
740 1412 741
728 1412 740
727 1412 740
216 628 1412
628 741 1412
774 1341 1414
401 10073 619
619 10073 9593
401 619 9593
654 1124 8995
653 654 8995
285 1575 830
285 830 1924
208 5563 780
876 878 2465
876 2465 3153
878 3153 2465
398 3068 673
398 1868 3068
9181 9184 9182
644 9183 10033
9182 10033 9183
644 10033 9182
634 1608 9182
634 9183 1608
634 9182 9183
1768 1770 1771
1436 1771 1770
1436 1768 1771
1436 1770 1768
1365 1926 1452
1365 1452 2086
704 7048 10036
7048 9239 10036
704 10036 9239
704 9239 7048
5500 7233 7232
5500 9693 7233
7232 7233 9693
5500 7232 9693
659 4698 7910
659 4697 4698
4697 7910 4698
659 7910 4697
1019 1453 1021
1019 1021 1023
1019 1023 1453
1021 1453 1023
319 1117 1797
205 1797 1117
205 319 1797
205 763 1797
719 1023 1453
249 1011 2183
249 2183 1174
1011 1174 2183
957 1453 1023
957 1021 1453
1011 2183 1134
249 1134 2183
719 1023 1454
1023 1453 1454
719 1454 1453
957 1454 1023
791 1454 1023
718 1484 1020
957 1454 1395
157 957 1395
957 1015 1395
719 1454 720
1169 1172 7842
111 712 2058
712 720 2058
330 1467 703
1436 1769 1768
787 788 8104
788 1692 8104
845 8859 10016
843 845 10016
843 8859 845
843 10016 8859
139 1770 1768
636 875 9871
636 9871 638
638 9871 875
630 1473 684
684 1473 849
630 1475 848
629 850 1475
629 849 850
629 851 1475
629 1027 1475
851 1475 1027
677 1027 1475
677 851 1475
877 3155 3153
877 3153 9870
3153 3155 9870
75 1020 1484
717 1484 1020
878 10020 9432
9432 10020 10014
878 9432 10014
878 10014 10020
6757 6980 6981
217 704 10036
217 9239 704
9595 10021 9599
425 10021 9595
425 9599 10021
425 9595 9599
868 5811 5812
5811 9355 5812
868 9355 5811
659 9621 8860
659 10092 9621
8860 9621 10092
659 8860 10092
251 1492 1008
1008 1492 1043
251 1043 1492
736 1008 1492
736 1492 1037
382 1595 1601
382 4308 1595
1595 4308 1601
382 1601 4308
708 1329 1500
1329 1485 1500
708 1500 1485
708 1485 1329
853 1501 1134
713 1134 1501
477 479 2347
40 2347 479
1772 10035 3680
586 10035 1772
844 9332 9333
844 3240 9332
3240 9333 9332
844 9333 3240
1173 2593 1400
635 1173 1400
635 2593 1173
635 1400 2593
133 1405 1024
133 1024 1513
133 1513 1405
133 1483 1405
133 1513 1483
1405 1483 1513
791 1483 1513
791 1405 1483
791 1513 1405
957 1483 1513
791 1404 1405
877 3153 2465
877 878 3153
877 2465 878
1199 3156 10040
1199 8469 3156
3156 8469 10040
635 6758 6980
6757 6980 6758
635 6980 6757
635 6757 6758
506 1886 1774
506 1774 1606
506 1606 1886
1606 1774 1886
651 653 1733
282 1733 653
282 651 1733
249 1170 5145
733 3087 735
733 735 2347
735 3087 2347
614 1718 8103
614 615 1718
615 8103 1718
28 506 1886
28 1886 867
506 867 1886
42 2400 853
853 2400 1501
723 2400 1051
723 1040 2400
866 8265 1851
703 1902 1685
703 1685 1578
330 1467 1902
5048 9570 9571
365 9570 5048
365 9571 9570
2266 7485 10042
2266 9784 7485
2266 10042 9784
754 1774 1886
236 1886 1774
236 1774 754
215 1606 1886
215 1607 1886
215 1606 1607
1606 1886 1607
506 1886 754
506 754 1774
1607 1774 1886
2266 10042 9978
2266 9978 5957
2266 5957 10042
5957 9978 10042
243 8150 6683
243 6683 707
243 707 8150
707 6683 8150
215 1608 1607
215 1607 646
646 1607 1608
315 1554 849
315 1554 848
749 751 1554
630 1554 1472
1009 1603 1043
1009 1038 1603
738 3087 1610
733 1610 3087
1007 1644 1610
324 1950 3068
324 3068 722
324 722 1950
722 3068 1950
1594 2018 2019
958 2019 2018
958 1594 2019
256 1594 1593
256 1593 2019
256 2019 1594
1593 1594 2019
256 1568 2019
1568 1593 2019
1568 2019 1643
665 769 1575
769 830 1575
284 769 1575
141 683 1925
683 685 1925
1567 1643 9995
1567 9995 1630
1567 1630 1643
1630 9995 1643
3389 6880 8312
1442 9818 9184
1442 9184 9817
1442 9817 9818
137 664 1592
664 4600 1592
365 4598 926
365 4600 4598
926 4598 4600
365 4599 4598
256 2019 958
257 1594 479
4182 9095 8927
587 8001 3683
587 3680 8001
3680 3683 8001
324 721 3068
324 1950 721
721 1950 3068
9593 9676 10073
9593 10021 9676
9676 10021 10073
9593 10073 10021
646 1607 1606
646 647 1607
646 1606 647
772 1052 1920
729 772 1920
729 1920 1052
634 1608 647
646 647 1608
251 1492 1610
1008 1610 1492
251 1492 737
737 1492 1610
736 1492 1610
736 737 1492
736 1610 737
736 1008 1610
735 1008 1610
735 1610 736
733 735 1610
733 1610 736
733 737 736
330 1611 845
798 845 1611
330 1611 843
330 843 845
843 1611 845
3240 9334 9673
962 9334 3240
962 3240 9673
507 766 5241
507 576 766
507 5241 576
1172 7310 7842
1165 7842 7310
1165 1172 7842
282 745 1733
651 1733 745
628 1633 1632
705 9559 1719
628 849 1633
137 831 667
137 7143 831
667 831 7143
615 792 1323
615 1848 792
792 1848 1323
615 1323 1848
499 2009 1432
324 1868 721
324 859 1868
721 1868 859
322 1115 1642
398 1115 1642
1630 1644 1643
252 1644 1630
252 1643 1644
252 1630 1643
1567 1630 1644
1563 1567 1630
1563 1630 1644
1563 1644 1567
252 1563 1630
1031 1032 3068
675 1031 3068
721 3068 1868
673 3068 1031
673 1032 3068
216 2178 848
848 2178 850
216 850 2178
9431 10014 10020
1317 10014 9431
1317 10020 10014
1317 9431 10020
1720 7593 9562
1720 9562 2679
1720 2679 7593
2679 9562 7593
321 685 1672
683 1672 685
321 1672 683
321 683 685
1501 1603 2183
1011 1603 1501
1011 2183 1603
1011 1501 2183
935 2050 10093
935 10025 2050
2050 10025 10093
935 10093 10025
1442 9818 1775
1442 9409 9818
1775 9818 9409
1442 1775 9409
321 1672 681
681 1672 683
321 1672 680
680 1672 681
657 1672 681
657 683 681
9801 9967 9874
9801 9874 9802
9801 9802 9967
9802 9874 9967
9208 10073 9676
9208 9676 10021
9208 10021 10073
1298 9387 6465
256 733 2347
256 2347 738
9808 9810 9809
843 10028 1611
843 1611 10024
81 1685 768
615 901 1848
901 1323 1848
615 1323 901
6683 9355 8150
243 9355 6683
243 8150 9355
133 223 1689
223 787 1689
133 223 2673
223 1689 2673
133 2673 1689
223 1688 1689
223 787 1688
223 1201 2672
223 1202 1201
1201 1202 2672
241 1688 1202
241 9004 1688
1202 1688 9004
241 1202 9004
222 1196 1205
222 10071 1196
1196 10071 1205
222 1205 10071
619 780 9601
619 9601 9600
619 9600 780
780 9600 9601
614 1763 1761
42 1603 1040
1040 1603 2400
133 1710 1024
133 1405 1710
1024 1710 1405
133 790 1710
790 1405 1710
133 787 1710
787 790 1710
133 1692 1710
787 1710 1692
789 1710 1692
787 1710 789
790 1024 1710
1024 1710 1025
9712 9772 9713
507 766 10074
766 5241 10074
507 10074 5241
256 2347 479
479 2347 958
256 958 2347
732 2347 733
732 735 2347
205 309 1797
309 929 1797
309 1797 612
304 1797 1117
304 612 309
304 309 1797
257 1594 6793
257 6793 6792
257 6792 1594
1594 6792 6793
309 930 1797
309 929 930
652 653 1733
651 652 1733
282 1733 652
651 1102 1733
651 750 1733
651 1102 750
651 749 1733
651 750 749
75 859 1737
859 1737 1642
75 1642 1737
859 1737 860
860 1737 1642
1641 1737 1642
860 1737 1641
75 1642 1641
75 1641 1737
75 1641 1022
1022 1641 1737
75 1022 1737
1021 1641 1737
1021 1737 1022
860 1737 1021
75 1021 1737
1021 1737 1023
75 1023 1737
1019 1021 1737
1019 1737 1023
1010 1414 1758
666 1119 1924
666 1924 1231
666 1924 1575
666 1575 1231
1010 1603 1758
1010 1011 1603
1011 1758 1603
1010 1758 1011
1317 9355 6683
243 1317 6683
246 1758 1011
246 1010 1758
1010 1603 1041
246 855 1758
246 1758 1341
36 1028 1759
36 1759 673
36 1759 1137
673 1137 1759
672 1137 1759
2129 8609 2130
309 2129 2130
309 2130 8609
7052 8610 8608
8608 8610 8609
7052 8608 8609
7052 8609 8610
307 1762 788
788 1762 789
307 788 789
307 789 1762
307 1761 1762
789 1762 1761
307 789 1761
307 1718 1762
134 1691 1688
134 8104 1691
1688 1691 8104
134 8104 1693
1691 1693 8104
1159 5036 9905
1109 1112 1763
613 1763 1112
613 1112 1109
1108 1763 1109
616 1108 1763
613 1718 1112
2129 7052 8608
304 1764 309
304 612 1764
309 1764 612
612 1764 613
110 1764 613
110 612 1764
110 613 612
110 1718 613
110 309 1764
236 1607 1768
236 1767 1607
1607 1767 1768
236 1768 1767
1607 1608 1768
236 1768 1769
1767 1769 1768
236 1769 1767
1768 1771 1769
236 1767 1774
236 1774 1607
3680 8000 8001
5047 9729 9572
1124 9729 5047
1124 9572 9729
1124 5047 9572
1135 8401 8402
244 8401 1135
244 1135 8402
243 8651 8150
707 8150 8651
243 707 8651
1206 8024 9613
1206 9612 8024
8024 9612 9613
1206 9613 9612
205 1797 320
320 1797 1265
4182 6555 9095
96 9097 9566
96 9566 935
96 935 9097
935 9566 9097
1720 2679 9899
1720 9899 7593
2679 7593 9899
1806 9145 9146
217 9146 9145
778 6756 6757
964 10030 10079
841 964 10079
841 10030 964
841 10079 10030
1363 9124 9125
1363 1364 9124
257 479 6792
257 6792 734
479 734 6792
220 734 9125
220 9125 1939
734 1939 9125
223 2672 7139
2672 2673 7139
223 7139 2673
223 2673 2672
244 852 1135
852 1841 1135
244 1135 1841
244 1841 852
1134 1841 1135
852 1841 1134
244 1134 1841
713 852 1841
713 1841 1134
111 1393 1164
1164 1393 1842
111 1842 1393
715 1393 1842
1393 1842 1815
715 1815 1842
256 1644 1843
256 1567 1843
1567 1644 1843
1563 1843 1567
1365 10019 9542
1365 9542 9812
1365 9812 10019
1848 10055 2590
1848 10056 10055
2590 10055 10056
1848 2590 10056
1206 2765 8026
1206 8026 8027
1206 8027 2765
398 721 1868
840 10075 1612
840 1612 10074
840 10074 10075
1612 10075 10074
315 2178 1633
5036 9901 9905
236 1886 1607
28 793 1886
727 731 1920
727 1920 1794
307 788 2251
788 789 2251
307 2251 789
788 2251 1762
307 1762 2251
509 703 1902
509 1685 703
509 1902 1685
509 1211 1902
509 703 1211
510 770 1903
770 1685 1903
510 1903 1685
767 1685 1903
509 1685 1903
509 767 1685
1685 1903 1902
509 1902 1903
510 1903 1902
509 1211 1903
1211 1902 1903
330 509 1211
330 1211 1903
330 1903 509
330 1902 1903
728 1920 729
654 1124 5047
654 5047 8995
1124 8995 5047
307 2251 2196
789 2196 2251
307 2196 789
588 1920 729
729 1920 1042
729 1794 1920
728 1794 729
727 1920 729
727 1920 1052
285 1924 880
682 1924 880
399 668 1925
6926 6928 6929
1095 6928 6926
1095 6929 6928
734 1018 1939
477 1939 1018
734 1364 1939
1018 1939 1364
508 963 841
508 9673 963
841 963 9673
508 841 9673
479 6792 1594
324 722 1193
324 1193 1950
721 1193 1950
676 1950 721
722 1033 1950
675 1950 1033
675 722 1950
722 1033 1044
1033 1950 1044
325 1033 1950
325 675 1950
676 1039 1950
1202 1208 2671
1202 1207 1208
1202 2671 1207
507 576 4859
576 766 4859
507 4859 766
1365 9809 9813
9542 9813 9809
1365 9813 9542
1365 9542 9809
220 478 2123
478 1940 2123
9302 9387 9920
1365 9542 1452
1365 1452 9812
1452 9542 9812
789 1025 1710
789 1710 2196
477 2123 1940
477 1940 1939
307 2196 1761
787 1710 2196
787 2196 789
787 790 2196
1112 1761 2196
1025 1112 2196
307 2196 1112
790 1112 2196
792 2590 1323
792 1848 2590
1323 2590 1848
308 10055 1848
308 1848 10056
308 10056 10055
5814 9432 9431
901 2590 1848
792 2591 1323
792 2590 2591
1226 10044 1411
1226 1411 8928
1226 8928 10044
738 958 2347
256 958 738
930 1265 3315
310 3315 1265
310 930 3315
310 1265 930
934 1411 10044
934 8929 1411
934 10044 8929
738 2019 958
9542 9808 9809
365 4598 10012
926 10012 4598
365 10012 926
1593 2019 2018
1568 2018 2019
1568 1593 2018
1593 1594 2018
1363 1364 6727
1018 1363 6727
1018 1364 1363
1018 6727 1364
787 2196 2251
787 2251 789
367 4598 396
365 4598 367
365 396 4598
7050 10013 9592
2129 7050 9592
2129 9592 10013
155 9775 4600
778 6757 9911
1011 1501 1134
1134 1501 2183
1017 7137 1204
705 9125 1363
705 1363 9124
705 9124 9125
1169 1172 10081
1171 10081 1172
1169 10081 1171
1169 1171 1172
8598 9995 9876
844 2047 7360
844 2046 2047
2046 7360 2047
844 7360 2046
637 2058 868
637 720 2058
131 868 637
131 2058 868
131 637 2058
866 1851 1848
866 1848 901
208 901 1323
322 1114 2122
863 1228 2122
322 2122 863
322 1228 2122
7909 9625 9624
508 964 2080
508 2080 962
508 962 964
788 8102 8099
936 2050 10093
936 10093 9695
2050 9695 10093
644 1775 9818
644 9818 9409
644 9409 1775
1775 9409 2920
217 2920 9409
217 1775 2920
217 9409 1775
1411 9972 1561
289 9972 1411
289 1561 9972
289 1411 1561
670 9621 9619
8860 9619 9621
670 9619 8860
670 8860 9621
508 964 9334
508 9334 2080
157 1204 1017
157 1017 7137
157 7137 1204
635 1400 6980
1400 6758 6980
635 6758 1400
478 739 2123
476 2123 739
477 2123 739
732 2123 739
477 2123 732
40 2123 739
40 732 2123
778 6606 9911
6606 6757 9911
778 6757 6606
1299 5610 7007
1284 1299 7007
1284 5610 1299
1284 7007 5610
223 2672 7138
2672 7139 7138
216 1412 2178
841 10030 9843
841 9843 5240
841 5240 10030
137 926 831
831 926 7143
1165 2190 1177
315 2178 743
216 628 2178
216 742 2178
628 2178 742
742 743 2178
853 1501 2183
853 2183 1134
249 853 2183
1010 2183 1041
1041 2183 1603
1010 1603 2183
1010 1011 2183
1010 1341 2183
1011 2183 1341
1174 2183 1341
7293 7361 9957
7293 8859 7361
7361 8859 9957
7293 9957 8859
7998 8000 9006
134 8026 9613
134 2765 8026
2765 9613 8026
134 9613 2765
732 3087 2347
1166 8450 2190
1166 1177 8450
1177 2190 8450
1166 2190 1177
257 6792 1018
734 1018 6792
474 9387 9920
9303 9920 9387
474 9920 9303
474 9303 9387
499 9809 9810
1594 6793 6908
257 1594 6908
257 6908 6793
474 9387 1298
1298 9387 9920
474 1298 9920
1149 4182 8927
217 9145 9139
9139 9145 10036
1601 4309 4307
1601 4307 9978
1601 9978 4309
134 9613 8101
134 9614 9613
8101 9613 9614
134 8101 9614
787 2251 788
614 1762 8103
1718 8103 1762
5811 5814 9355
391 1601 2266
840 9843 10079
1612 10079 9843
840 10079 1612
840 1612 9843
42 2400 713
713 714 2400
714 2400 1164
1433 8887 9662
1433 9662 1499
1433 1499 8887
479 1018 6792
308 9944 8024
1849 8024 9944
308 8024 1849
308 1849 9944
2031 7905 7904
1772 1773 8002
4306 9665 5795
4306 4307 9665
4307 5795 9665
4306 5795 4307
1720 9563 9562
1720 7593 9563
284 665 9414
665 1163 9414
239 8469 10040
239 3156 8469
866 1851 7663
866 7663 1848
1848 7663 1851
5240 6926 5241
1598 7485 9784
382 7485 1598
382 1598 9784
1595 4308 7487
4308 10091 7487
1595 7487 10091
1595 10091 4308
382 1598 10042
317 5943 10031
317 643 5943
317 10031 643
507 5240 6926
507 5241 5240
507 6926 5241
738 958 3087
3389 6881 6880
735 1610 3087
9619 9621 9624
8860 9619 9624
8860 9624 9621
875 9870 3153
644 704 1775
644 1775 2920
704 2920 1775
638 875 3153
723 1041 2400
1040 2400 1041
1041 1603 2400
1041 2183 2400
1603 2400 2183
853 2400 2183
1501 2183 2400
5814 9431 6683
1208 9801 9967
1208 9874 9801
1208 9967 9874
766 1903 10074
1903 5241 10074
638 9871 3153
875 3153 9871
638 878 3153
638 3153 877
638 877 878
660 9156 7910
660 7910 10092
660 10092 9156
7910 9156 10092
630 685 2595
630 2595 1473
321 2595 684
321 832 2595
644 9184 1442
644 9818 9184
644 1442 9818
324 1759 1032
1032 1759 3068
258 9563 9562
258 2679 9563
2679 9562 9563
258 9562 2679
499 6908 2009
1300 9302 9920
1149 8928 8932
243 6684 712
712 6684 720
243 712 720
639 708 10010
639 6881 708
708 6881 10010
1772 8001 3680
1772 3680 8000
1772 8000 8001
223 2672 1689
1688 1689 2672
1630 9995 9876
252 1630 9876
252 9995 1630
252 9876 9995
139 1438 1770
1284 9387 9931
706 9139 9239
2012 9420 2013
424 2012 2013
424 9420 2012
424 2013 9420
704 2920 9180
7048 9139 9239
706 9139 7048
706 7048 9239
840 10024 10079
283 9905 3681
283 3681 3700
3681 9905 3700
1561 8211 8932
8211 8928 8932
1561 8932 8928
878 3154 9432
3154 10020 9432
878 10020 3154
2009 8795 10091
962 9334 9333
3240 9333 9334
962 9333 3240
308 10055 9944
1849 9944 10055
308 1849 10055
662 8381 8384
662 8384 9712
8381 9712 8384
7904 9990 9712
7904 9712 10066
7904 10066 9990
9712 9990 10066
675 3068 722
675 3068 1950
474 7055 5611
1298 5611 7055
474 1298 7055
1869 6981 10081
6981 8513 10081
1869 10081 8513
1869 8513 6981
615 5565 1718
110 5565 615
110 615 1718
308 1850 1851
1850 10056 1851
308 1851 10056
308 10056 1850
1848 1851 10056
1848 10056 1850
308 1848 1850
1169 1171 7310
1169 7310 1172
683 2595 685
683 684 2595
321 2595 685
321 683 2595
134 8026 10078
1693 10078 8026
134 1693 8026
638 10020 3154
638 878 10020
638 3154 878
638 9871 877
877 9871 3153
7905 9625 7909
587 1773 8001
587 8001 1772
1772 8001 1773
38 3240 964
38 841 3240
841 964 3240
38 964 841
964 9333 9334
964 3240 9333
964 9334 3240
222 1197 1198
1849 9944 1852
1849 1852 10055
695 9431 6683
695 6683 1317
695 1317 9431
1317 6683 9431
1299 7055 5611
474 7055 1299
113 1202 1208
113 2671 1202
241 2672 1202
241 1688 2672
1300 3312 5415
241 1207 1202
241 1202 2671
1202 2671 2672
1201 2671 2672
1201 1202 2671
223 1201 1204
1201 7138 1204
223 7138 1201
1197 1204 7138
1197 7137 1204
1204 7137 7138
1197 7138 7137
157 1395 7137
1017 7137 1395
1689 2673 2672
7904 9156 8381
7904 9156 8383
7904 8383 8381
1452 9560 9561
1363 9560 1452
1363 9561 9560
1363 1452 9561
705 9561 9560
705 1363 9561
7048 9240 9239
704 9239 9240
704 9240 7048
222 8468 1196
367 4597 396
367 4598 4597
396 4597 4598
155 396 4597
155 4597 4598
155 4598 396
3681 7768 9907
3681 9907 3683
3681 3683 7768
208 8265 901
866 901 8265
707 8651 1328
243 707 1328
1441 1442 9818
1441 9818 1775
1441 1775 1442
659 10016 798
798 10016 845
659 845 10016
5048 9571 9572
288 760 4181
288 4181 4305
288 4305 760
760 4305 4181
511 7233 7232
511 5500 7233
511 7232 5500
511 4859 576
511 766 4859
8927 8929 8928
1171 7308 8513
1171 8513 9115
1171 9115 7308
7308 9115 8513
424 9207 6285
6285 9207 9515
424 6285 9515
424 9515 9207
1688 9004 8548
134 1688 8548
134 9004 1688
134 8548 9004
638 3154 5814
113 1208 9968
1207 9968 1208
113 9968 1207
4813 9613 9612
1849 9612 9613
1849 4813 9612
4813 9613 8024
4813 8024 9612
222 8468 1205
508 2080 6933
508 963 2080
1095 10093 4859
4859 10093 8789
1095 4859 8789
1095 8789 10093
662 8384 8383
662 831 8384
831 8383 8384
662 8381 8383
8381 8384 8383
155 10012 10043
1380 10043 10012
9713 10066 9990
2029 9990 10066
2029 9713 9990
2029 10066 9713
662 10043 10066
9772 10066 10043
288 4305 9302
288 9302 760
760 9302 4305
137 1592 7143
1161 7143 1592
1172 1174 7842
1567 1596 7487
382 7485 1595
1595 7485 7487
382 1595 7487
382 7487 7485
1226 1411 1561
1411 8928 1561
1226 1561 8928
1334 8401 5146
564 5146 8401
564 1334 5146
564 8401 1334
643 5943 646
317 646 5943
317 643 646
63 1330 8651
6983 9239 9240
704 9239 6983
704 6983 9240
208 9597 8265
865 8265 9597
208 8265 865
208 865 9597
7050 10013 9593
9592 9593 10013
7050 9593 9592
662 9712 2464
1567 9995 1596
1299 5610 6465
474 1299 6465
474 6465 5610
1206 8026 4813
4813 8026 8025
1206 8025 8026
40 730 3087
40 3087 732
110 7052 1764
110 309 7052
309 1764 7052
929 2130 8609
309 2130 929
309 929 8609
3681 7768 3682
3681 3682 9907
788 8104 8099
8099 8104 9614
788 8099 9614
788 9614 8104
157 7137 7139
1204 7139 7137
398 721 3068
926 2464 8384
664 8384 2464
664 926 8384
664 2464 926
2266 5957 9784
5957 10042 9784
222 9490 1198
222 1197 9490
1298 1301 7055
1301 5611 7055
934 8930 9566
8930 9973 9566
934 9973 8930
7908 7910 9156
663 7910 7908
663 9156 7910
663 7908 9156
208 620 901
620 9597 901
208 901 9597
208 9597 620
901 9597 8265
619 9596 865
619 865 9595
865 9596 9595
1596 1597 1598
1596 1598 9784
1411 8930 9973
8930 9972 9973
1411 9973 9972
1411 9972 8930
1167 1172 7842
397 8599 8598
8025 8026 8027
1206 8025 8027
1119 1924 9414
666 9414 1924
666 1119 9414
1149 4182 10077
1149 1226 4182
1226 10077 4182
1149 10077 1226
643 10033 8030
643 5943 10033
5943 8030 10033
643 8030 5943
875 9869 9870
638 3153 3154
5811 5812 5814
2465 3155 3153
877 3155 2465
876 2465 3155
876 3155 3153
329 9626 9620
9208 9594 9675
814 9675 9594
814 9208 9675
814 9594 9208
658 1635 4660
240 658 4660
9181 9182 10033
634 10033 9182
634 9181 10033
634 9182 9181
619 620 9596
619 9599 620
620 9599 9596
474 9303 1561
474 1561 1284
474 1284 9303
1284 1561 9303
844 9333 964
844 964 3240
663 1635 831
663 831 4660
663 4660 1635
508 6927 6928
508 6928 6929
508 6929 6927
6927 6929 6928
208 5563 1323
901 1323 5563
208 901 5563
310 1300 3312
310 5415 1300
310 3312 5415
474 1301 9920
1298 9920 1301
309 3315 929
309 2130 3315
929 3315 2130
309 3315 930
929 930 3315
309 2129 3315
930 3315 3312
310 930 3312
929 1265 3315
310 2012 3311
310 3311 3312
2012 3312 3311
310 3311 2130
929 1265 2130
1265 3315 2130
310 2130 1265
310 5415 473
473 5415 1300
660 7905 9625
660 7909 7905
660 9625 7909
111 712 6684
111 6684 2058
712 2058 6684
934 1411 8930
1612 10079 10075
1612 10075 9843
9843 10075 10079
282 746 5036
746 747 5036
282 5036 747
586 5036 746
586 747 5036
330 10074 1211
330 509 10074
509 1211 10074
236 7998 9006
1767 9006 7998
236 9006 1767
236 1767 7998
139 8574 1438
139 1439 8574
1438 8574 1439
8381 8383 10029
798 10016 1611
845 1611 10016
511 7232 899
899 7232 5500
511 899 5500
1284 8932 1561
320 5415 9299
320 9299 949
320 949 5415
1400 2593 10081
635 1400 10081
391 2266 9978
391 5957 2266
391 9978 5957
1196 1205 10069
1205 10052 10069
1171 1177 2687
1177 9115 2687
1171 9115 1177
1485 9121 1500
709 1500 9121
709 1485 1500
709 9121 1485
734 1364 9125
254 8600 10042
1812 10042 8600
254 10042 1812
254 1812 8600
2920 9180 10032
645 9182 1438
1367 9813 9888
1367 9888 1368
1367 1368 9813
1368 9888 9813
643 1608 8030
643 10033 1608
1608 10033 8030
1284 9931 8932
6793 6908 9810
2030 9428 2031
2031 9428 9990
2030 2031 9990
2030 9990 9428
705 9124 7048
705 7048 9125
7048 9124 9125
1169 1171 8513
1171 7310 8513
1169 8513 7310
507 10074 10075
5241 10075 10074
1365 10019 9810
1365 9810 9542
9542 9810 10019
664 831 7143
831 4660 7143
664 7143 4660
664 4660 831
139 1608 9183
1769 8002 7998
284 666 9414
665 9414 666
5048 9572 9570
365 9570 9572
365 9572 5048
283 3700 365
283 5048 3700
4698 7910 7908
663 7910 4698
663 4698 7908
481 1432 9888
1432 9813 9888
481 9888 9813
481 9813 1432
481 1367 9813
481 9888 1367
662 10012 10043
662 10043 926
662 926 10012
926 10043 10012
9901 9904 9905
1166 8869 8450
8447 8450 8869
1166 8447 8869
401 10021 619
401 10073 10021
619 10021 10073
1568 1593 7487
1568 7487 10091
1568 10091 1593
1593 10091 7487
662 926 2464
662 2464 8384
662 8384 926
366 3700 3682
3682 3700 3701
366 3682 3701
473 9299 1300
1300 9299 5415
252 9995 1643
643 10031 646
215 646 10031
215 10031 643
3389 8646 8312
3389 8312 10010
3389 10010 8646
1601 2266 9978
391 1601 9978
474 1284 6465
1284 9387 6465
474 6465 9387
474 9387 1284
1812 10042 5957
1599 10042 1812
1599 5957 10042
1599 1812 5957
1439 9183 1440
645 1439 1440
695 9431 8646
1173 2593 6980
1177 9115 2190
34 1177 2190
34 9115 1177
34 2190 9115
6683 9431 9355
1317 9355 9431
6799 8599 8600
6799 9137 8599
8599 9137 8600
6799 8600 9137
6799 6800 8599
6800 9137 8599
6799 9137 6800
220 706 7048
706 9240 7048
220 7048 9240
155 9319 4597
155 4597 1380
1380 4597 9319
748 5036 9905
748 1159 5036
1334 10022 9602
249 5145 1135
1196 10070 1205
1205 10070 10071
1598 7487 7485
382 7487 1598
397 9910 8599
1575 9414 1924
666 9414 1575
1365 9813 1367
1367 9813 2086
1365 2086 9813
1167 7842 1174
840 1903 5241
840 10074 1903
840 5241 10074
139 8574 1770
1438 1770 8574
1848 10055 1849
1848 1849 10057
1848 10057 10055
1849 10055 10057
1442 9409 9184
644 9409 1442
1852 10055 10057
1849 1852 10057
222 1198 8468
9593 9594 9676
9594 10021 9676
9593 10021 9594
5814 9355 9431
1317 5814 9431
1317 9355 5814
2031 3506 9428
2030 3506 2031
2030 9428 3506
241 8548 1691
1688 1691 8548
241 1688 8548
365 9570 4599
365 4599 9572
366 1147 3700
366 5048 1147
367 9571 9570
365 367 9570
365 9571 367
3682 9907 3700
3681 3700 9907
3681 3682 3700
3681 9905 9907
283 9905 586
283 586 3681
586 9905 3681
586 748 746
746 748 5036
586 5036 748
3701 6063 9905
1559 8000 9902
4181 7232 7233
4181 7233 9693
4181 9693 7232
1852 9944 8101
9957 10016 10028
7293 9957 10028
7293 10016 9957
7293 10028 10016
8887 9667 9835
1433 9667 8887
1433 8887 9835
586 9904 9901
9901 9904 9902
586 9901 9902
586 9902 9904
2047 9620 7360
2046 9620 2047
1167 1170 5145
249 1167 5145
635 6981 2593
635 8513 6981
2593 6981 8513
6983 10031 9240
317 6983 9240
317 10031 6983
289 1411 8928
936 1095 6928
936 6928 9695
936 9695 1095
1095 9695 6928
1014 10069 3151
2013 9787 9788
2012 9788 9787
2012 9787 2013
37 7055 1304
37 1302 7055
1302 1304 7055
1365 10011 9812
1365 1452 10011
382 1643 7487
1568 7487 1643
382 7487 1568
382 1568 1643
5500 8789 6555
875 3151 9869
1596 9784 7485
9713 10043 9772
9713 9772 10017
9713 10017 10043
9772 10043 10017
930 5415 3312
1169 7310 7842
288 4181 1149
288 1149 4305
1149 4181 4305
1226 10076 10077
1149 10076 1226
1149 10077 10076
659 7910 10092
1433 9665 9666
9661 9666 9665
1433 9666 9661
1200 9491 9492
1200 9492 9490
1200 9490 9491
9490 9492 9491
222 1196 1197
401 7050 9593
619 9593 7050
401 619 7050
4598 9570 4599
365 9570 4598
1124 4599 9572
365 1124 9572
401 780 7050
401 619 780
643 646 8030
646 1608 8030
1202 9874 9801
1202 1208 9874
1202 9801 1208
1598 9876 9995
252 1598 9995
252 9876 1598
639 3388 8646
3388 10014 8646
639 8646 10014
639 10014 3388
217 1775 704
1594 6908 2018
257 2018 6908
660 10029 9156
660 9156 663
660 663 10029
663 9156 10029
1596 1598 8598
1596 8598 9995
1596 9995 1598
1598 9995 8598
63 6880 1329
1329 6880 1500
1171 7310 9115
7310 8513 9115
1206 4813 9613
638 5813 871
936 10093 1095
1095 10093 9695
396 4597 1380
1149 8927 1226
1226 8927 8928
1149 1226 8928
1149 8928 8927
1693 8101 8026
788 2251 8099
2251 8102 8099
788 8102 2251
1363 9561 10011
1363 10011 1364
1364 10011 9561
6756 6980 6757
695 6683 8312
695 707 6683
707 8312 6683
6926 6927 6929
6926 6928 6927
6927 6933 6928
7904 8381 9712
1226 4182 8927
397 8599 1600
397 1600 8598
1600 8599 8598
1436 1770 1438
2129 9592 3311
2130 3311 9592
2129 2130 9592
136 4698 798
136 845 4698
136 658 4698
136 1635 4698
658 4698 1635
1284 6465 7007
1299 7007 6465
1284 1299 6465
288 10077 10076
288 10076 1149
288 1149 10077
711 712 6684
111 711 6684
660 10092 663
663 10092 9156
9593 9674 10073
9674 9676 10073
397 9910 1600
1600 9910 8599
2190 9115 7310
1597 8600 8598
8598 8600 8599
1597 8598 8599
1597 8599 8600
6799 6800 9910
6800 8599 9910
936 6928 9956
936 9956 938
936 938 6928
938 9956 6928
1334 8401 9602
5146 9602 8401
1334 9602 5146
615 8611 5564
5564 8611 5565
615 5564 5565
289 1411 8929
289 8929 8928
711 8150 6684
243 6684 8150
243 711 6684
243 8150 711
1363 10011 6727
1364 6727 10011
10017 10066 10043
9772 10066 10017
1284 6465 5610
474 1284 5610
840 10075 9843
1095 9695 8789
9990 10066 10029
2029 10029 10066
2029 9990 10029
9559 9562 9799
788 8104 2251
615 1323 5563
615 5563 901
38 7360 7361
38 7293 7360
7293 7361 7360
38 7361 7293
659 8860 845
481 9810 499
481 499 1432
481 1432 9810
499 9810 1432
1365 9810 9809
9542 9809 9810
481 9809 9810
481 1432 9809
1432 9810 9809
1631 9911 9912
937 2080 9672
937 9672 963
963 9672 2080
1159 6063 8995
382 1601 7485
382 7485 2266
382 2266 1601
1601 2266 7485
9542 9810 9808
663 8383 7908
663 7908 4660
663 4660 8383
4660 7908 8383
635 2593 6980
635 6980 1173
508 964 9673
841 9673 964
508 841 964
4813 8101 9944
1852 9614 8101
8101 9614 9944
1852 9944 9614
282 5036 748
282 748 1159
282 1159 5036
217 1775 10036
704 10036 1775
283 5048 3701
365 5047 1124
283 1124 5047
283 365 1124
9570 9571 9572
1197 1204 9489
1204 7138 9489
1197 9489 7138
1173 1400 6980
236 1768 1772
1768 7998 1772
236 1772 7998
236 7998 1768
4182 9693 6555
1165 8866 8447
1165 8447 8869
1165 8869 8866
8447 8866 8869
244 8402 712
1205 10040 10069
10040 10052 10069
705 9124 706
705 706 7048
706 9124 7048
5047 6063 5048
2047 9622 9620
2046 9622 2047
2046 9620 9622
6927 6932 6933
512 10025 2050
512 2050 935
512 935 10025
844 7360 3240
964 3240 7360
2046 7293 7360
844 7293 2046
5240 6926 6927
5240 6927 6929
5240 6929 6926
1226 8932 10076
1149 8932 1226
1149 10076 8932
840 10075 5241
840 5241 9843
217 1442 9409
765 7232 965
759 7232 765
507 6929 4859
507 6926 6929
507 4859 6926
508 6927 6933
841 6932 5240
508 6927 6932
935 6555 8789
576 6926 1095
511 899 7233
511 7233 765
765 7233 899
659 8859 845
845 8859 8860
659 8860 8859
1768 8002 1769
157 7140 957
957 7140 1483
157 1483 7140
779 6757 6606
779 6606 6981
779 6981 6757
1559 9006 8000
646 648 10031
317 646 10031
317 10031 648
1302 5611 7055
1301 1302 7055
329 9621 9620
329 9620 9623
329 9623 9621
9620 9621 9623
1298 1302 7055
1203 1814 9004
1203 9004 9003
1203 9003 1814
1814 9003 9004
512 9693 6555
512 6555 4182
512 4182 9693
1852 8102 2591
37 7056 1304
37 7055 7056
1304 7056 7055
4813 8026 8101
3701 5048 6063
283 5047 6063
283 6063 5048
283 6063 3701
512 10077 7233
512 7233 9693
512 9693 10077
7233 10077 9693
1300 9787 1302
1301 9303 9920
473 9303 1301
473 9920 9303
473 1301 9920
37 5611 7056
37 7055 5611
5611 7055 7056
930 5415 1797
930 1265 5415
1265 1797 5415
310 1265 5415
310 5415 930
310 1265 473
473 1265 5415
949 1265 5415
473 1265 949
320 1265 5415
320 1797 5415
508 10030 964
508 841 10030
707 6880 8312
707 10010 6880
6880 10010 8312
935 6555 5500
935 5500 8789
511 576 5500
576 899 5500
511 4859 5500
899 7233 7232
765 7233 7232
765 7232 899
508 1933 6929
1933 6928 6929
1848 1851 1850
222 10071 1197
1196 1197 10071
63 8651 1328
1323 5563 5564
615 5564 5563
614 1718 5565
614 5565 1764
614 615 5565
614 5564 5565
397 9876 8598
1600 8598 9876
397 1600 9876
1598 1600 8598
1598 8598 9876
1598 9876 1600
512 4182 9095
512 9095 10044
512 10044 4182
4182 10044 9095
8211 8929 8928
243 1317 707
707 1317 6683
695 707 1317
474 1561 5610
1284 5610 1561
1171 7310 1177
1177 7310 9115
37 9788 1302
282 8995 1159
748 1159 8995
283 8995 1159
283 1159 6063
283 6063 8995
283 8995 748
564 8613 710
564 10022 8613
564 710 10022
1301 9788 2013
1301 2013 9787
564 10022 1334
1334 10022 8613
507 576 6926
576 4859 6926
2251 8099 9614
788 2251 9614
1852 10057 2591
792 2591 10057
792 1852 2591
792 10057 1852
7904 7905 9156
34 7308 1171
34 9115 7308
7908 9156 8383
663 8383 9156
637 868 5812
243 637 5812
9208 9676 9594
9208 9594 10021
705 1719 9799
705 9799 10038
705 10038 1719
664 7143 1592
308 4813 8024
4813 9944 8024
1018 6727 6792
1018 6792 1364
638 5814 5812
637 5813 868
131 868 5813
131 5813 637
637 5813 871
637 638 5813
639 3389 8646
639 3388 3389
3388 8646 3389
310 2013 2012
310 9787 2013
473 9920 1300
473 9302 9920
473 1300 9302
1302 9788 2013
8646 9431 9432
1317 5814 5811
1317 5811 5812
131 5813 871
637 5813 5812
868 5812 5813
638 5813 5812
637 638 5812
5811 5813 5812
868 5811 5813
1363 10011 1452
1363 1452 6727
113 9967 9801
113 9801 9802
113 9802 9967
1207 9969 9914
1207 1814 9969
1814 9914 9969
1207 9914 1814
662 831 926
831 8384 926
936 1933 1708
936 1708 9956
936 9956 1933
1708 1933 9956
1598 9995 1643
252 1598 1643
134 8101 1693
1693 8101 9614
134 1693 9614
113 1208 9967
1208 9968 9967
113 9967 9968
113 9489 1201
1201 9489 2671
113 1201 2671
113 2671 9489
1201 9489 7138
1201 7138 2671
2671 7138 9489
926 9775 10043
2464 10043 9775
926 10043 2464
926 2464 9775
662 10017 10043
662 10012 10017
10012 10043 10017
499 8795 2009
2009 8795 6908
499 6908 8795
660 7909 10092
660 7910 7909
7909 7910 10092
1201 1204 9489
1197 1201 9489
936 6928 1933
1933 6928 9956
1365 9542 2086
1452 2086 9542
1017 1204 1197
705 706 1719
706 7048 1719
708 1329 6880
708 6880 1500
707 1329 6880
707 708 1329
707 6880 708
63 6880 707
4599 9572 9729
1124 4599 9729
620 865 9597
9319 10043 9713
9319 9713 10017
9319 10017 10043
474 6465 1298
670 7293 7360
670 2046 7293
965 7233 7232
765 7233 965
38 7293 964
38 964 7360
841 7360 3240
7293 10028 7361
38 10028 7293
236 10035 9006
7998 9006 10035
236 7998 10035
1720 7593 10038
1720 10038 9563
1720 7593 9898
1720 9898 10038
7593 10038 9898
1601 9665 4306
1601 4307 9665
1601 4309 9665
4307 9665 4309
4306 4308 5795
4306 9665 4308
4308 9665 5795
1601 9665 4308
157 1395 7140
1395 7139 7140
157 7140 7139
157 7139 1395
9181 10033 9184
644 9184 10033
1170 10022 9602
1170 9602 5146
1170 5146 10022
9302 9303 9387
9302 9387 9931
9302 9931 9303
9303 9931 9387
1442 9817 9147
1441 9147 9817
1441 1442 9147
1441 9817 1442
934 9566 9097
934 9097 9095
934 9095 9566
9095 9097 9566
3681 7768 3700
3682 3700 7768
5814 6683 9355
4598 4600 10012
1411 8929 8930
1411 9972 8929
8929 9972 8930
134 1691 8548
397 9877 775
401 9600 9601
401 780 9600
283 1124 748
283 8995 1124
1173 6758 6980
1173 1400 6758
1203 9914 1814
1203 9003 9914
1814 9914 9003
6929 10030 6932
5240 6929 6932
5240 6932 10030
474 1301 9303
6683 8312 8210
1299 7055 7056
1299 7056 5611
1567 1598 1596
1567 9995 1598
401 8608 7050
401 780 8608
780 7050 8608
1170 9602 5145
1596 1598 7485
9674 10013 10073
10013 10054 10073
9674 10054 10013
1284 9303 9387
1596 7487 1598
401 7050 10013
664 9830 8384
704 6983 10031
704 10031 9240
844 9334 964
844 9333 9334
6756 6980 6758
6756 6758 6757
9491 9802 9967
113 9802 9491
113 9491 9967
778 6757 6758
6606 6758 6757
778 6758 6606
1367 1368 2086
1368 9813 2086
329 9626 9623
9620 9623 9626
397 9877 1600
397 1600 775
775 1600 9877
1630 9876 6759
252 6759 9876
252 1630 6759
935 10025 8789
935 5500 10025
5500 8789 10025
499 9810 6908
635 6980 6981
778 9909 1631
1631 9909 9911
778 1631 9911
778 9911 9909
2593 6980 6981
1567 1593 7487
1567 7487 1568
775 9468 6756
6755 6756 9468
774 1179 6755
1178 6755 1179
775 6755 1179
775 1179 1178
774 6759 1179
774 1013 6759
1013 1179 6759
774 6759 6755
1179 6755 6759
635 6606 6758
1563 1630 6759
252 1563 6759
1013 1563 6759
252 1013 6759
1006 1563 6759
1006 6759 1013
774 1006 6759
252 1179 6759
252 1013 1179
775 6755 6759
775 6759 1179
1165 1170 8447
1165 1177 7310
1441 9817 9818
926 9830 2464
664 2464 9830
664 9830 926
1597 8598 1600
1597 1600 8599
9182 9816 9184
1440 9816 9182
1440 9184 9816
1440 9182 9184
499 2018 6908
2018 9810 6908
499 9810 2018
3154 9431 9432
9431 10020 9432
499 2009 5795
1432 9813 9809
4598 4600 9775
4598 9775 10012
776 1631 6799
397 9910 775
775 9910 1600
258 1927 9564
258 2679 1927
1927 2679 9564
258 9564 2679
9431 10014 9432
708 6881 1500
1500 6881 6880
708 6880 6881
2012 2013 10054
424 2012 10054
424 10054 2013
1171 10081 8513
1171 1869 10081
1171 8513 1869
1169 2593 10081
2031 9625 7905
670 7361 7360
670 7293 7361
2086 9813 9542
5240 6927 6932
6927 6929 6932
576 6926 5241
508 6929 6932
508 6932 841
841 6932 963
936 6929 1095
936 4859 6929
936 1095 4859
936 6929 6928
936 6929 1933
2012 9420 9675
1595 1601 7485
779 6606 1869
779 1869 6981
1869 6606 6981
635 6981 1869
635 1869 6606
289 5610 1561
289 7007 5610
1561 5610 7007
289 1561 7007
289 7007 8211
289 8211 9075
289 9075 7007
7007 9075 8211
1768 1769 1772
1769 7998 1772
1768 7998 1769
245 10022 1334
1206 8026 9613
4813 9613 8026
639 10015 3388
3388 10015 10014
639 10014 10015
110 929 7052
309 7052 929
1299 6465 7055
474 7055 6465
1298 7055 6465
1775 10036 1806
664 831 926
957 1395 7140
957 7140 1513
1483 1513 7140
1201 2672 7138
2671 2672 7138
222 1201 1200
222 9490 1201
1200 1201 9490
222 1200 9490
1395 7137 7139
7137 7138 7139
157 7140 223
223 7140 7139
157 1483 223
223 1483 7140
1405 1483 7140
223 1483 1405
223 1405 7140
133 1483 7140
133 7140 1405
133 1513 7140
133 7140 223
133 7140 2673
223 2673 7140
2673 7140 7139
240 7143 831
240 4660 7143
240 7143 667
240 7143 1161
6284 6285 9515
424 6285 6284
424 6284 9515
1172 10081 1400
288 965 7233
288 7233 7232
288 7232 965
288 7233 4181
288 4181 7232
288 7232 760
760 4181 7232
759 7232 899
937 6928 9956
937 9956 1933
670 8859 7361
1691 10078 8548
1165 1177 1171
9182 10033 9184
1177 2190 7310
34 7311 2687
34 1171 7311
34 7308 7311
217 1442 1775
38 3240 7360
38 7360 841
711 8651 8150
382 1643 1598
1596 7485 7487
382 4308 7487
9526 9625 10092
660 9526 10092
660 9625 9526
660 10092 9625
9526 9625 9621
9526 9621 10092
9621 9625 10092
7909 9625 10092
7909 10092 9624
9624 10092 9625
1595 4306 7487
137 9729 1592
137 1124 9729
1124 1592 9729
2130 10054 3311
310 3311 10054
310 10054 2130
220 9240 1941
1941 9240 9124
1365 9561 1452
1452 9561 1926
1365 1926 9561
258 9563 1927
1926 1927 9563
934 8930 9097
8930 9566 9097
1926 9560 9561
1499 9888 9813
1368 1499 9813
1368 9888 1499
9559 9562 9563
9562 9799 9563
9559 9563 9799
1693 8026 9613
134 1693 9613
1850 7663 1851
1848 7663 1850
208 9600 9601
620 9601 9600
208 9601 620
705 9559 9799
1719 9799 9559
288 10076 9303
4305 9303 10076
288 9303 4305
288 4305 10076
9713 10017 10066
2029 10066 10017
2029 10017 9713
367 9570 4598
615 8611 5563
5563 8611 5564
619 9599 9600
620 9600 9599
866 901 9597
866 9597 8265
620 9596 865
620 9596 9597
865 9597 9596
8099 9614 8102
2251 8102 9614
587 7768 3681
587 3683 7768
1226 1561 8932
1226 8932 8928
706 1719 9139
843 10016 9957
843 9957 8859
8859 9957 10016
2080 9672 9673
962 9672 2080
962 9673 9672
962 2080 9673
754 9006 1774
236 1774 9006
236 9006 754
705 9125 9561
244 5146 8401
244 8401 564
244 564 5146
9843 10079 10030
1559 10035 8000
8000 10035 9006
4697 7910 7908
4697 7908 4698
2031 7904 9990
508 6932 10030
841 10030 6932
664 831 8384
508 6929 10030
658 1635 7908
1635 4660 7908
658 7908 4660
1635 7908 4698
658 4698 7908
663 4698 1635
663 1635 7908
4660 8383 8384
831 4660 8384
831 8383 4660
664 4660 8384
658 4697 7908
665 1575 9414
665 9414 1924
1119 9414 1120
654 1592 9729
654 9729 1124
4181 9693 4182
236 7998 1769
586 9905 9901
586 9904 9905
1772 8000 7998
7998 8000 8001
1772 7998 8001
587 1773 3683
1773 8001 3683
1769 1772 8002
1772 8002 7998
1772 8002 8001
1773 8002 8001
9799 9800 10038
9145 9800 9799
9145 10038 9800
1206 2765 9613
512 6555 9095
647 1608 8030
646 647 8030
241 9004 8548
634 1608 8030
634 8030 647
646 8030 5943
644 9182 9184
644 9184 1440
254 9784 5957
254 8600 9784
5957 9784 8600
254 5957 8600
707 8210 6880
63 6880 8210
775 6758 9468
775 1178 6758
1178 9468 6758
1693 9614 8104
134 8104 9614
1849 1852 9614
792 1849 9614
792 1852 1849
792 9614 1852
1852 8101 8099
792 8102 2591
792 1852 8102
307 8102 2251
1762 2251 8102
307 1762 8102
307 792 2251
792 8102 2251
307 8102 792
788 8102 1762
307 8103 8102
1762 8102 8103
307 1762 8103
792 8103 8102
307 8103 792
2591 8103 8102
792 8103 2591
792 8103 1323
1323 8103 2591
615 792 8103
307 615 792
307 8103 615
307 8103 1718
307 1718 615
7998 10035 8000
1772 8000 10035
1772 10035 7998
236 10035 754
4813 8101 9613
8101 9944 9613
10030 10075 10079
382 10091 1568
382 7487 10091
499 8795 10091
499 10091 2009
706 9240 9239
34 2687 1177
1869 7308 8513
6683 8150 8210
707 6683 8210
707 8210 8150
711 1330 8651
711 1328 1330
1328 8651 1330
8150 8651 8210
564 1329 9120
499 9809 1432
4306 7487 10091
1595 4306 10091
222 9492 9490
222 1200 9492
222 9492 1198
1198 9492 9490
1365 9561 10011
1452 10011 9561
707 8210 8312
6880 8312 8210
208 9601 619
208 780 9601
8447 10022 9351
245 8447 9351
245 10022 8447
257 10019 10011
257 9811 10019
481 1432 1499
1432 9888 1499
1432 9813 1499
4307 9661 4309
4309 9661 9665
1135 5146 8401
244 1328 8401
1328 1330 8401
244 1328 564
564 1328 8401
564 1330 8401
8613 9120 9121
711 8402 1330
852 1135 8402
244 852 8402
244 1841 8402
852 8402 1841
712 1841 8402
244 1841 712
1166 8448 1373
1373 8448 9351
1166 1373 9351
1166 9351 8448
1317 9431 8646
710 1373 8448
710 8447 1373
1373 8447 8448
710 8448 8447
1166 8448 8449
1373 8449 8448
1166 8449 1373
710 8449 8448
8927 8929 10044
8927 10044 8928
222 8468 1199
222 1199 1205
222 8468 1928
1199 1928 8468
222 1928 1199
1198 8468 1928
222 1198 1928
2012 9420 10054
9420 9675 10054
660 7905 9156
7905 10029 9156
512 9566 10044
9095 10044 9566
512 9095 9566
1169 8513 2593
6981 8513 7308
1869 7308 6981
9560 9563 9562
1203 1814 2765
1203 2765 9004
1814 9004 2765
1203 2765 9003
2765 9004 9003
1207 9004 1814
1207 1814 9003
1207 9003 9004
1202 1814 1207
1202 9004 1814
1202 1207 9004
241 9003 9004
1202 9004 9003
241 1202 9003
1202 1207 9003
1380 2029 9319
1380 9428 2029
1380 9319 9428
137 4599 9729
1592 4599 9729
1597 8598 1598
1597 1598 1600
397 9876 9877
1600 9876 9877
1597 6800 8599
1600 8599 6800
1597 1600 6800
1380 10017 10012
1380 10043 10017
1380 9319 10017
1597 6800 8600
6800 8599 8600
780 5563 8611
639 10014 3389
3389 10014 10010
639 10010 10014
3389 10014 8646
8646 10014 10010
8646 10014 9431
1317 10014 8646
110 8612 615
110 5565 8612
780 8608 8609
929 8609 7052
110 8609 7052
110 929 8609
110 8610 5565
1764 5565 8610
110 1764 8610
110 7052 8610
1764 8610 7052
110 8609 8610
1165 2190 8869
1177 8869 2190
8610 8612 8611
780 8610 8611
780 8612 8610
5565 8611 8610
5565 8610 8612
110 8610 8612
110 8609 8612
8609 8610 8612
8608 8612 8609
8608 8610 8612
780 8608 8612
780 8608 8610
3154 9432 5814
257 10011 1364
1317 9355 5811
1869 6981 8718
779 1869 8718
779 8718 6981
1869 7308 8718
6981 8718 7308
1869 7311 8718
7308 8718 7311
747 5036 9901
586 9901 5036
586 747 9901
1095 8789 5500
4859 8789 5500
9621 9625 9624
9621 9624 10092
8860 10092 9624
659 4698 10092
4698 7910 10092
499 2018 8795
2018 6908 8795
1594 6908 8795
1594 8795 2018
1593 1594 8795
1593 8795 2018
1568 1593 8795
1568 8795 2018
670 9620 9619
9619 9620 9621
670 9621 9620
512 935 9095
935 6555 9095
512 6555 935
289 9972 8929
257 9811 6793
4307 9665 9667
1433 9667 9665
1433 4307 9667
1198 1928 9492
222 9492 1928
1200 9492 1928
222 1200 1928
1365 10011 10019
329 9621 9619
4859 10093 5500
5500 10093 8789
1373 8447 9351
8447 8448 9351
2190 8869 8450
1166 8869 2190
710 8447 9351
1165 8447 8450
1373 9351 8869
1166 1373 8869
1166 8869 9351
4309 9666 9665
4309 9661 9666
481 499 9667
499 1432 9667
5795 9662 9667
1432 9662 9667
1432 9667 1499
1432 1499 8887
481 8887 1499
499 5795 9667
401 619 9600
289 9074 9075
8211 9075 9074
934 8929 8930
4182 10044 10077
1226 10077 10044
1226 10044 4182
4181 10077 7233
288 7233 10077
288 10077 4181
4309 9666 9979
9665 9979 9666
4309 9979 9665
9593 9674 10013
9712 10066 9713
9713 10066 9772
9712 9990 9713
5047 8995 6063
283 5047 8995
241 1207 9003
241 8548 9003
38 964 10079
38 10079 841
8548 9003 9004
1767 9006 1774
564 9121 1329
564 9007 9121
564 1329 9007
283 6063 9905
747 9901 1559
586 1559 9901
635 6981 10081
635 10081 1869
1169 10081 8513
511 10025 7233
511 5500 10025
5500 7233 10025
96 938 9097
935 9097 938
9119 9121 9120
709 9007 1485
1485 9119 1500
1500 9119 9121
1485 9121 9119
1329 1485 9119
1329 9119 9120
564 9121 9120
1329 9120 9121
564 9121 8613
564 9121 710
710 9121 8613
564 9007 710
710 9007 9121
1329 9119 9121
220 9125 9124
706 9125 9124
220 9125 706
706 9125 7048
1018 9124 1363
1018 1364 9124
1018 1939 9124
220 9125 7048
6800 9137 8600
1597 6800 9137
1597 9137 8600
1597 6800 1812
1597 1812 9137
1812 6800 9137
1597 1812 8600
1812 9137 8600
254 9137 8600
254 1812 9137
776 6800 6799
776 9137 6800
776 6799 9137
1719 9139 7048
1719 9145 9139
3680 9902 8000
1441 1775 1806
1441 1806 9146
1441 9146 1775
217 1441 9146
217 1775 1441
7593 9898 9800
7593 9899 9898
9800 9898 9899
7593 9800 9899
1720 9899 9898
1805 9898 9899
1805 9800 9898
1805 9899 9800
1433 9667 9662
1433 4307 9662
4307 9667 9662
1442 9147 1775
1441 1775 9147
217 9147 1775
217 1442 9147
217 9147 1441
217 9147 9146
1441 9146 9147
217 1442 9146
1442 9147 9146
1805 9147 1806
1805 9146 9147
1806 9147 9146
1805 1806 9146
1441 1806 1805
1441 1805 9147
1441 9147 1806
7909 7910 9156
660 7909 9156
7905 9156 7909
8789 10093 9695
1442 9184 9816
9184 9817 9816
1442 9816 9817
643 10032 10033
5943 10033 10032
5943 9180 8030
2920 9181 9180
8030 9180 9181
1440 9817 9816
710 9351 10022
8026 8101 9613
425 9208 9207
425 814 9208
814 9207 9208
425 9207 814
1848 10055 1850
1848 1850 1849
1849 1850 10055
564 9602 1334
1849 8024 4813
252 9876 1600
252 1600 1598
1849 9944 9614
1849 9613 9614
9613 9944 9614
8000 9902 10035
1559 10035 9902
3680 10035 8000
320 9299 760
760 9299 949
288 9302 949
760 949 9302
473 9299 9302
1300 9302 9299
760 9299 9302
949 9302 9299
288 9302 9303
288 9303 949
949 9303 9302
4305 9302 9303
9299 9303 9302
949 9303 9299
473 9303 9302
473 9299 9303
473 949 9303
330 1903 840
330 10074 1903
330 840 10074
508 2080 9673
508 9673 962
963 2080 9673
963 9672 9673
9592 9674 9593
964 9673 3240
841 9673 3240
844 2047 9332
844 9332 7360
2047 7360 9332
3240 9332 7360
329 9623 9526
329 9526 9621
9526 9623 9621
8447 9351 8866
245 8866 9351
8447 9351 8869
8866 8869 9351
1166 8447 9351
868 6684 9355
243 9355 6684
6684 8150 9355
245 10022 9602
245 1170 10022
245 9602 1170
424 9207 9420
6285 9420 9207
424 9420 6285
814 9420 9207
814 9207 6285
814 6285 9420
425 9594 10021
425 9208 9594
425 10021 9208
6756 6758 9468
1173 6980 9468
6756 9468 6980
6758 9468 6980
1173 6758 9468
1173 1400 9468
1400 6758 9468
1173 1178 9468
1178 1400 9468
774 9468 1173
1178 1400 6758
1197 9490 1201
1201 9489 9490
113 9490 1201
113 9489 9490
938 1708 9956
283 748 586
586 748 9905
586 9905 5036
425 9596 9599
425 9595 9596
620 9598 9596
620 9599 9598
9596 9598 9599
7055 9629 7056
1304 9629 7055
1304 7056 9629
2030 2031 9526
660 2031 2030
660 9526 2031
660 2030 9526
1299 7055 9629
1299 9629 7056
2031 9527 3506
2030 9527 2031
2030 3506 9527
2030 9527 9526
2031 10029 7904
7904 10029 7905
2031 9990 10029
2030 2031 10029
2030 10029 9990
7904 9990 10029
843 10016 1611
843 10028 10016
1611 10016 10028
481 1367 1365
481 1365 9813
134 10078 8548
1499 9889 8887
481 8887 9889
1926 1927 9564
1927 9563 9564
1926 9564 9563
9559 9560 9562
258 9563 9564
96 9566 2050
935 2050 9566
1806 9145 9800
9145 9146 9800
1806 9800 9146
705 9563 9559
9559 9563 9560
705 9560 9563
1805 1806 9800
1805 9800 9146
705 9561 9563
9560 9563 9561
1926 9563 9561
512 2050 9566
512 9566 935
935 9095 9566
366 9571 1147
366 5048 9571
366 367 1147
366 9571 367
367 9571 1147
5047 5048 9572
365 9572 5047
7593 10038 9799
7593 9800 10038
7593 9799 9800
9562 9799 10038
9563 10038 9799
7593 9562 9799
1433 9661 9662
4307 9662 9661
308 10055 1850
8646 10014 9432
3388 9432 8646
3388 10014 9432
1317 10014 10010
425 814 9594
1441 1806 9898
1441 9898 1805
1805 9898 1806
620 9598 9597
9596 9597 9598
1693 8101 9613
1170 10022 8447
710 8447 10022
5563 8611 9601
780 5563 9601
615 9601 5563
901 9601 5563
615 9601 901
208 9601 5563
208 901 9601
620 901 9601
1135 9602 8401
308 9612 1850
1849 1850 9612
308 1850 1849
308 1849 9612
308 8024 1850
1850 8024 9612
308 9612 8024
134 2251 9614
2251 8104 9614
1849 8024 9612
8099 9614 8101
1852 9614 8099
1693 9614 8099
1693 8099 8104
1852 8102 8099
1852 9614 8102
792 9614 8102
792 9614 2251
844 9622 2047
844 2046 9622
329 9625 9527
936 10093 4859
7293 8859 9621
8859 8860 9621
7293 9621 8860
511 4859 10093
511 10093 5500
329 9625 9526
329 9526 9527
329 9625 9621
935 9695 8789
935 10093 9695
935 8789 10093
660 9625 2031
670 7293 9621
2046 7293 9621
670 2046 9621
2046 9621 9620
2046 9623 9620
2046 9621 9623
9620 9622 9623
2046 9623 9622
329 9626 9622
329 9622 9623
9622 9626 9623
8789 10093 10025
9620 9622 9626
1298 1302 9920
1300 9920 1302
391 9661 4309
391 4307 9661
5795 9665 9667
4307 5795 9667
4308 9667 5795
4308 9665 9667
499 5795 4308
499 4308 9667
4307 5795 9662
9665 9666 9667
425 9594 9595
9594 10021 9595
9594 9675 9676
424 9207 9675
9207 9420 9675
424 9675 9420
424 9207 9208
9207 9675 9208
424 9208 9675
814 9207 9675
814 9420 9675
619 9593 9594
239 10040 10052
239 10069 10040
239 10052 10069
424 9420 10054
1014 10069 1196
1014 10070 10069
1196 10069 10070
1014 10070 3151
3151 10070 10069
113 1208 9801
1300 1301 9920
9592 9674 10013
155 9775 4598
155 4598 4600
2464 8384 9712
2130 10013 8609
2129 10013 2130
4182 10044 8927
2464 8381 8384
2464 9712 8381
2029 9319 9713
1380 2029 9713
1380 9713 9319
661 9713 2029
661 9319 9713
654 9729 5047
877 10040 3156
877 3156 9871
877 9871 10040
382 10042 2266
254 10042 5957
254 5957 1812
8600 10042 9784
5957 10042 8600
1597 9784 8600
1597 8600 10042
2130 10054 9592
1303 10084 9420
6285 9420 10084
1303 9420 6285
1303 6285 10084
382 4308 10091
2464 8384 9830
2464 9775 9830
926 9830 9775
9319 9772 10043
9319 9772 9713
155 10012 9775
9775 10012 10043
155 9775 10043
8598 9784 8600
37 9788 2013
1300 3312 9787
310 1301 2013
1298 9920 1300
113 1202 9801
1200 1201 9801
1201 9490 9801
1200 9801 9490
113 9801 1201
113 9490 9801
1201 2671 9801
113 9801 2671
1201 1202 9801
1202 2671 9801
113 9491 9801
9490 9801 9491
113 9490 9491
257 9810 6908
257 2018 9810
396 4598 10012
365 396 10012
257 6792 9811
6727 9811 6792
6792 9811 6793
638 10020 5812
638 5814 10020
1365 9810 9813
9809 9813 9810
481 1365 9810
481 9810 9813
481 9809 9813
1368 1499 1432
1368 1432 9813
644 9818 1440
645 9816 9182
645 1440 9816
4600 9775 9830
926 9830 4600
664 9830 4600
1149 4305 10076
5240 9843 5241
634 10033 9183
1559 9901 9902
586 1559 9902
3680 9902 9904
586 3680 9904
239 9870 3155
239 3155 3156
877 9870 9871
3153 9870 9871
875 9870 9871
875 9869 9871
9869 9870 9871
875 3151 9871
3151 9869 9871
239 9871 9869
239 9870 9871
239 9869 9870
775 6755 9877
6755 6759 9877
775 9877 6759
1179 9877 6759
775 9877 1179
252 9877 6759
252 1179 9877
6759 9876 9877
252 9877 9876
252 9877 1600
1179 9877 1600
252 1179 1600
775 1600 1179
662 10066 10029
9712 10029 10066
1806 9800 9898
3681 9907 9904
3681 9904 3683
3680 3683 9904
3680 3681 9904
586 3681 9904
3682 9907 3701
3681 9905 9904
9904 9905 9907
776 9910 6799
776 6800 9910
776 9910 1631
775 6755 9910
775 778 9910
778 1631 9910
1631 9910 9909
778 9909 9910
776 9910 9909
776 9909 1631
1600 9910 6800
6757 9912 9911
6606 9912 9911
6606 6757 9912
779 9912 6606
779 6757 9912
1207 9914 9003
1208 9969 9968
1207 9969 1208
1207 9968 9969
1202 9969 1208
1202 1207 9969
1208 1814 9969
1202 1814 1208
1202 9969 1814
7293 8859 10016
8859 9621 10016
7293 10016 9621
1149 10077 4181
9302 9920 9303
4181 10077 9693
1149 4182 4181
4181 4182 10077
4305 9302 9931
4305 9931 9303
512 10077 4182
512 10044 10077
236 1772 10035
1017 1197 1196
8929 9972 9074
8930 9074 9972
8929 9074 8930
289 9972 9074
1601 9978 9979
1601 9979 4309
4309 9979 9978
1601 9979 9665
2031 3506 9990
3506 9428 9990
661 9713 9990
661 9990 2029
661 9990 9428
2029 9428 9990
661 9990 3506
661 3506 9428
876 3154 3388
876 10015 3154
3154 10015 3388
876 3388 10015
3389 6880 10010
707 1317 10010
707 10010 708
708 10010 6880
6880 6881 10010
934 9566 10044
1411 10044 9566
155 10012 4598
2130 9592 10013
878 10015 3154
876 10015 878
3154 9432 10015
878 10015 9432
3154 9432 3388
3388 9432 10015
9432 10015 10014
878 10015 10014
876 10015 2465
878 2465 10015
659 8859 10016
8859 10016 8860
659 8860 10016
8860 9621 10016
659 9621 10016
934 8927 8929
1226 8927 10044
1380 10017 9713
1380 2029 10017
619 9595 10021
619 10021 9599
619 9594 10021
619 9595 9594
619 9593 10021
330 1612 1211
330 10074 1612
1211 1612 10074
401 10021 9600
619 9600 10021
9599 9600 10021
330 840 1612
330 1611 10024
330 10024 843
330 1211 10024
1211 1611 10024
330 1612 10024
1211 10024 1612
330 840 10024
840 1612 10024
1211 1611 1612
512 7233 10025
512 10025 9693
7233 9693 10025
512 10025 6555
6555 10025 9693
935 10025 6555
5500 10025 6555
5500 10025 9693
5500 9693 6555
660 10029 2030
2030 9428 10029
2029 10029 9428
2029 2030 10029
2029 9428 2030
9428 10029 9990
7904 8381 10029
7904 10029 9712
7904 8383 10029
7904 9156 10029
8383 10029 9156
215 648 10031
648 1941 10031
220 10031 648
220 1941 10031
220 9240 10031
220 7048 10031
7048 9240 10031
704 10031 7048
5943 10032 9180
5943 9180 6983
5943 6983 10032
317 6983 10032
317 5943 6983
317 10032 5943
6983 10032 10031
317 10031 10032
704 10032 10031
9180 10033 10032
5943 10033 9180
2920 10033 10032
2920 9180 10033
644 10033 10032
9180 10033 9181
8030 10033 9181
8030 9180 10033
634 8030 10033
634 9181 8030
634 1608 10033
1608 10033 9183
586 867 10035
867 1559 10035
586 10035 1559
754 10035 867
236 10035 867
7048 9139 10036
1719 9139 10036
1719 9145 10036
1719 10036 10038
705 10038 10036
9145 10036 10038
1806 10036 10038
1806 10038 9145
1806 10038 9800
9800 9898 10038
1806 10038 9898
9559 10038 9563
705 9563 10038
705 10038 9559
9559 10038 9799
7904 10029 10066
662 10017 10066
636 875 10070
636 10070 9871
875 9871 10070
3151 10040 9871
9869 9871 10040
3151 9869 10040
239 9871 10040
239 10040 9869
1601 2266 10042
1601 10042 9978
382 10042 1601
1597 1812 10042
1599 1601 10042
1599 10042 9978
1599 9978 1601
1599 5957 9978
239 8469 10052
875 3151 1014
875 1014 10070
875 10070 3151
3151 9871 10070
636 1014 10070
310 10054 2012
310 2013 10054
424 9675 10054
424 9208 10054
9208 9675 10054
9592 10013 10054
2130 10054 10013
792 1848 1849
792 10057 1848
792 1849 10057
1848 2590 10057
792 10057 2590
2590 10057 10055
2590 10057 2591
424 9420 10084
424 10084 6285
2013 9420 10084
424 2013 10084
1017 10071 1204
157 10071 1017
157 1204 10071
1197 10071 1204
1017 10071 1197
222 10071 1204
1015 10071 1017
157 10071 1015
157 10071 636
636 10071 1015
3151 10069 10040
9869 10040 10069
3151 9869 10069
239 10069 9869
1205 10069 10070
10040 10069 10070
1205 10040 10070
3151 10070 10040
9871 10070 10040
1017 1196 10071
1014 1017 10071
636 10071 1014
636 1017 10071
636 10071 10070
509 10074 766
509 1903 10074
1226 1561 10076
1561 8932 10076
1284 10076 1561
1284 8932 10076
1561 9303 10076
1284 10076 9303
9303 9387 10076
1284 10076 9387
9303 9931 10076
9387 10076 9931
4305 9931 10076
8932 9931 10076
1284 9931 10076
4182 9693 10077
8548 10078 9003
2765 9003 10078
2765 10078 8026
134 2765 10078
2765 10078 9004
134 9004 10078
134 2765 9004
9003 10078 9004
8548 10078 9004
38 10079 1612
1612 10079 10024
38 10024 10079
2012 9420 10084
1593 10091 8795
2013 10084 6284
424 2013 6284
424 6284 10084
6284 10084 6285
1303 6284 10084
1303 6285 6284
1303 10085 10084
6284 10084 10085
1303 6284 10085
1303 10085 1304
37 1304 10085
37 10085 9788
9788 10085 10084
2013 9788 10085
2013 10085 10084
37 10085 2013
37 6284 2013
2013 6284 10085
37 10085 6284
2009 10091 4306
4306 5795 10091
2009 10091 5795
4306 4308 10091
4308 5795 10091
499 10091 4308
499 5795 10091
2018 8795 10091
499 2018 10091
1568 8795 10091
1568 10091 2018
7910 9624 10092
663 10092 4698
663 7910 10092
5500 10093 10025
511 10093 10025
8449 10096 10097
1373 10097 10096
1373 8449 10097
710 10096 10097
710 10097 8449
8613 10096 10097
710 8613 10097
710 9121 10097
8613 10097 9121
710 9007 10097
8449 9007 10097
710 9007 8449
