9
13
24
41
43
55
56
68
69
79
82
84
85
122
123
146
147
148
149
150
152
153
158
160
162
163
164
165
168
169
170
177
178
179
182
185
186
188
189
190
193
194
195
196
197
199
200
203
204
224
225
227
232
233
234
260
261
262
265
267
268
269
270
271
272
275
279
281
290
291
292
293
294
295
296
297
298
299
300
302
318
345
346
347
348
350
351
352
353
354
355
357
358
359
362
385
386
387
389
390
392
393
400
411
412
413
414
415
416
417
419
420
421
422
428
429
430
433
434
435
436
437
438
439
440
441
454
455
456
457
458
459
460
461
462
463
464
465
466
467
500
501
502
503
513
517
518
519
521
522
523
524
525
526
527
528
529
530
531
532
534
535
536
537
538
541
542
543
544
545
549
550
551
552
553
554
555
556
557
562
563
565
566
567
568
569
570
571
572
573
574
575
579
580
581
582
583
590
591
592
600
601
602
621
622
623
625
626
627
631
640
641
642
678
686
687
688
691
696
697
698
699
700
701
724
725
726
755
756
757
781
782
783
784
786
799
800
801
802
803
804
805
807
808
809
810
811
812
813
815
816
817
818
819
820
821
822
824
825
826
827
828
829
839
846
847
856
857
858
881
882
885
886
887
888
889
890
891
892
893
894
895
896
902
903
904
905
906
907
908
909
910
911
912
913
914
915
916
917
918
919
920
921
922
923
924
925
927
928
933
940
941
942
943
944
945
946
947
966
967
968
969
970
971
972
973
974
975
978
979
980
981
982
983
984
985
986
991
992
993
994
995
996
997
998
999
1000
1001
1002
1003
1004
1005
1049
1070
1071
1072
1073
1075
1076
1077
1078
1079
1088
1089
1090
1091
1092
1093
1094
1096
1097
1098
1122
1123
1125
1126
1127
1128
1129
1131
1132
1136
1153
1154
1162
1180
1195
1209
1210
1212
1220
1221
1222
1223
1224
1225
1227
1229
1237
1238
1239
1242
1252
1253
1254
1255
1259
1260
1261
1262
1263
1264
1271
1272
1273
1274
1275
1276
1278
1279
1280
1281
1285
1287
1321
1324
1325
1326
1327
1340
1342
1369
1370
1379
1381
1382
1383
1384
1386
1387
1390
1391
1394
1396
1399
1408
1409
1410
1413
1415
1417
1443
1445
1455
1456
1470
1474
1478
1486
1507
1508
1509
1510
1514
1515
1516
1517
1518
1519
1520
1569
1570
1571
1572
1573
1574
1587
1604
1609
1613
1618
1629
1653
1665
1678
1681
1683
1700
1703
1704
1709
1712
1726
1727
1728
1729
1730
1731
1732
1734
1735
1736
1760
1776
1778
1779
1780
1781
1782
1783
1784
1785
1786
1787
1788
1789
1790
1793
1807
1808
1809
1810
1811
1837
1840
1853
1854
1878
1894
1904
1913
1931
1932
1947
1949
2006
2021
2028
2035
2036
2039
2041
2059
2077
2078
2079
2083
2101
2112
2124
2132
2133
2135
2136
2143
2149
2179
2180
2181
2182
2250
2262
2268
2271
2272
2273
2325
2337
2338
2340
2345
2346
2397
2446
2447
2454
2455
2456
2537
2642
2714
2715
2718
2719
2720
2721
2722
2723
2724
2733
2734
2775
2793
2794
2969
2970
2972
2991
2992
3051
3056
3076
3124
3125
3126
3127
3128
3166
3167
3213
3233
3234
3235
3236
3237
3238
3324
3325
3330
3386
3480
3487
3549
3596
3654
3655
3665
3684
3736
3737
3839
3840
3842
3858
3859
4039
4109
4126
4326
4327
4368
4369
4370
4559
4560
4668
4669
4844
4904
4905
4906
4907
4908
4993
4994
4995
4996
5006
5067
5135
5190
5191
5192
5196
5439
5507
5589
5590
5591
5696
5697
5728
5729
5737
5738
5769
5832
6042
6045
6047
6048
6049
6053
6056
6058
6075
6076
6078
6079
6080
6081
6082
6083
6084
6190
6210
6211
6212
6274
6276
6296
6297
6411
6420
6475
6538
6570
6571
6572
6573
6638
6675
6701
6702
6703
6704
6897
6898
6899
6900
7064
7155
7196
7197
7200
7201
7203
7213
7215
7223
7248
7249
7250
7252
7283
7302
7374
7446
7447
7523
7538
7667
7668
7669
7735
7787
7854
7864
7865
7866
7963
7971
8020
8021
8043
8049
8077
8079
8095
8096
8121
8122
8123
8124
8160
8161
8162
8163
8204
8223
8224
8225
8226
8258
8264
8272
8293
8294
8295
8330
8347
8348
8349
8350
8351
8352
8353
8355
8393
8395
8396
8507
8508
8537
8580
8581
8649
8669
8671
8674
8675
8676
8677
8678
8696
8762
8766
8767
8768
8769
8770
8784
8794
8826
8827
8828
8829
8830
8841
8842
8856
8877
8886
8892
8893
8993
8994
9000
9001
9002
9027
9028
9037
9038
9039
9042
9064
9067
9068
9072
9073
9093
9094
9104
9193
9194
9197
9215
9267
9268
9269
9270
9296
9297
9312
9313
9314
9345
9353
9354
9360
9366
9449
9450
9451
9458
9461
9478
9479
9480
9481
9504
9507
9539
9540
9541
9575
9576
9577
9578
9581
9582
9608
9609
9610
9611
9617
9633
9638
9655
9702
9703
9704
9705
9706
9707
9717
9722
9723
9724
9725
9726
9727
9728
9736
9737
9743
9744
9745
9747
9748
9749
9750
9751
9756
9757
9758
9760
9765
9767
9768
9769
9770
9771
9804
9823
9825
9845
9848
9849
9850
9851
9852
9853
9859
9872
9873
9884
9886
9887
9891
9893
9894
9897
9916
9917
9921
9923
9924
9926
9936
9938
9939
9940
9946
9947
9948
9949
9950
9963
9970
9971
9981
9982
9983
9984
10001
10018
10023
10026
10027
10034
10037
10039
10041
10045
10046
10047
10048
10049
10050
10051
10053
10058
10059
10060
10061
10062
10063
10065
10067
10068
10072
10080
10082
10083
10086
10087
10088
10089
10090
10094
10095
