2.819416339446113852e+03
4.144648192205682591e+01
4.807853539710695401e+00
8.052329162728719680e-01
8.711477651624631446e-02
3.336541412646546606e-02
1.253839940101844803e-02
4.925555243235621612e-03
4.528282354374714262e-03
4.466603336074979023e-03
4.460285683786008315e-03
4.430014705991100130e-03
2.831022779085050412e-13
2.817063721297154810e-13
2.817063721297154810e-13
2.817063721297154810e-13
2.817063721297154810e-13
2.817063721297154810e-13
2.817063721297154810e-13
2.817063721297154810e-13
2.817063721297154810e-13
2.817063721297154810e-13
2.817063721297154810e-13
2.817063721297154810e-13
2.817063721297154810e-13
2.802276017814581385e-13
