2.228434730354666044e+03
1.921921759600014070e+02
2.843953681705628256e+01
7.423701928542718598e+00
2.535035962907507656e+00
6.869187313530377148e-01
9.218939602249537346e-02
3.894903033968263872e-02
1.272745197366794735e-02
1.045802990053807183e-02
5.164171245867805668e-03
4.714373855873052986e-03
4.598887875435966194e-03
4.595116888519956179e-03
4.584119359773935684e-03
4.571069357720269725e-03
4.550269137526362709e-03
4.538523781576756476e-03
4.519741116407518904e-03
4.514711608473183542e-03
4.507661289841651160e-03
4.503647560873477382e-03
4.495546595560264737e-03
4.486831835544804505e-03
4.475263106210415620e-03
4.464203383759515406e-03
4.444869547972490030e-03
4.440300911217734403e-03
4.425396083512889156e-03
4.420477748429917780e-03
4.412101845182256517e-03
4.392784719975429374e-03
4.388575036638973567e-03
4.358285197709698376e-03
4.335062609652244256e-03
4.304671656207075155e-03
4.257441524400316403e-03
4.237908508730999467e-03
4.230409627526699953e-03
4.165469482896695490e-03
9.896237333069704977e-13
2.016126995796181918e-20
